AC PF0001.1
XX
ID RCGCANGCGY
XX
DE PF0001.1 RCGCANGCGY ; From JASPAR 2018
PO	A	C	G	T
01	844.0	0.0	4780.0	0.0
02	0.0	5624.0	0.0	0.0
03	0.0	0.0	5624.0	0.0
04	0.0	5624.0	0.0	0.0
05	5624.0	0.0	0.0	0.0
06	437.0	1067.0	2399.0	1721.0
07	0.0	0.0	5624.0	0.0
08	0.0	5624.0	0.0	0.0
09	0.0	0.0	5624.0	0.0
10	0.0	4888.0	0.0	736.0
XX
//
AC PF0002.1
XX
ID CACGTG
XX
DE PF0002.1 CACGTG ; From JASPAR 2018
PO	A	C	G	T
01	0.0	5224.0	0.0	0.0
02	5224.0	0.0	0.0	0.0
03	0.0	5224.0	0.0	0.0
04	0.0	0.0	5224.0	0.0
05	0.0	0.0	0.0	5224.0
06	0.0	0.0	5224.0	0.0
XX
//
AC PF0003.1
XX
ID SCGGAAGY
XX
DE PF0003.1 SCGGAAGY ; From JASPAR 2018
PO	A	C	G	T
01	0.0	4724.0	1824.0	0.0
02	0.0	6548.0	0.0	0.0
03	0.0	0.0	6548.0	0.0
04	0.0	0.0	6548.0	0.0
05	6548.0	0.0	0.0	0.0
06	6548.0	0.0	0.0	0.0
07	0.0	0.0	6548.0	0.0
08	0.0	2269.0	0.0	4279.0
XX
//
AC PF0004.1
XX
ID ACTAYRNNNCCCR
XX
DE PF0004.1 ACTAYRNNNCCCR ; From JASPAR 2018
PO	A	C	G	T
01	2440.0	0.0	0.0	0.0
02	0.0	2440.0	0.0	0.0
03	0.0	0.0	0.0	2440.0
04	2440.0	0.0	0.0	0.0
05	0.0	2416.0	0.0	24.0
06	2188.0	0.0	252.0	0.0
07	1357.0	230.0	169.0	684.0
08	316.0	763.0	309.0	1052.0
09	94.0	141.0	70.0	2135.0
10	0.0	2440.0	0.0	0.0
11	0.0	2440.0	0.0	0.0
12	0.0	2440.0	0.0	0.0
13	1974.0	0.0	466.0	0.0
XX
//
AC PF0005.1
XX
ID GATTGGY
XX
DE PF0005.1 GATTGGY ; From JASPAR 2018
PO	A	C	G	T
01	0.0	0.0	6636.0	0.0
02	6636.0	0.0	0.0	0.0
03	0.0	0.0	0.0	6636.0
04	0.0	0.0	0.0	6636.0
05	0.0	0.0	6636.0	0.0
06	0.0	0.0	6636.0	0.0
07	0.0	4656.0	0.0	1980.0
XX
//
AC PF0006.1
XX
ID GGGCGGR
XX
DE PF0006.1 GGGCGGR ; From JASPAR 2018
PO	A	C	G	T
01	0.0	0.0	18548.0	0.0
02	0.0	0.0	18548.0	0.0
03	0.0	0.0	18548.0	0.0
04	0.0	18548.0	0.0	0.0
05	0.0	0.0	18548.0	0.0
06	0.0	0.0	18548.0	0.0
07	4149.0	0.0	14399.0	0.0
XX
//
AC PF0007.1
XX
ID TGANTCA
XX
DE PF0007.1 TGANTCA ; From JASPAR 2018
PO	A	C	G	T
01	0.0	0.0	0.0	3620.0
02	0.0	0.0	3620.0	0.0
03	3620.0	0.0	0.0	0.0
04	561.0	1156.0	1344.0	559.0
05	0.0	0.0	0.0	3620.0
06	0.0	3620.0	0.0	0.0
07	3620.0	0.0	0.0	0.0
XX
//
AC PF0008.1
XX
ID TMTCGCGANR
XX
DE PF0008.1 TMTCGCGANR ; From JASPAR 2018
PO	A	C	G	T
01	0.0	0.0	0.0	1592.0
02	145.0	1447.0	0.0	0.0
03	0.0	0.0	0.0	1592.0
04	0.0	1592.0	0.0	0.0
05	0.0	0.0	1592.0	0.0
06	0.0	1592.0	0.0	0.0
07	0.0	0.0	1592.0	0.0
08	1592.0	0.0	0.0	0.0
09	30.0	77.0	1302.0	183.0
10	1365.0	0.0	227.0	0.0
XX
//
AC PF0009.1
XX
ID TGAYRTCA
XX
DE PF0009.1 TGAYRTCA ; From JASPAR 2018
PO	A	C	G	T
01	0.0	0.0	0.0	2440.0
02	0.0	0.0	2440.0	0.0
03	2440.0	0.0	0.0	0.0
04	0.0	1794.0	0.0	646.0
05	544.0	0.0	1896.0	0.0
06	0.0	0.0	0.0	2440.0
07	0.0	2440.0	0.0	0.0
08	2440.0	0.0	0.0	0.0
XX
//
AC PF0010.1
XX
ID GCCATNTTG
XX
DE PF0010.1 GCCATNTTG ; From JASPAR 2018
PO	A	C	G	T
01	0.0	0.0	2088.0	0.0
02	0.0	2088.0	0.0	0.0
03	0.0	2088.0	0.0	0.0
04	2088.0	0.0	0.0	0.0
05	0.0	0.0	0.0	2088.0
06	155.0	861.0	309.0	763.0
07	0.0	0.0	0.0	2088.0
08	0.0	0.0	0.0	2088.0
09	0.0	0.0	2088.0	0.0
XX
//
AC PF0011.1
XX
ID MGGAAGTG
XX
DE PF0011.1 MGGAAGTG ; From JASPAR 2018
PO	A	C	G	T
01	1451.0	2281.0	0.0	0.0
02	0.0	0.0	3732.0	0.0
03	0.0	0.0	3732.0	0.0
04	3732.0	0.0	0.0	0.0
05	3732.0	0.0	0.0	0.0
06	0.0	0.0	3732.0	0.0
07	0.0	0.0	0.0	3732.0
08	0.0	0.0	3732.0	0.0
XX
//
AC PF0012.1
XX
ID CAGGTG
XX
DE PF0012.1 CAGGTG ; From JASPAR 2018
PO	A	C	G	T
01	0.0	12312.0	0.0	0.0
02	12312.0	0.0	0.0	0.0
03	0.0	0.0	12312.0	0.0
04	0.0	0.0	12312.0	0.0
05	0.0	0.0	0.0	12312.0
06	0.0	0.0	12312.0	0.0
XX
//
AC PF0013.1
XX
ID CTTTGT
XX
DE PF0013.1 CTTTGT ; From JASPAR 2018
PO	A	C	G	T
01	0.0	9424.0	0.0	0.0
02	0.0	0.0	0.0	9424.0
03	0.0	0.0	0.0	9424.0
04	0.0	0.0	0.0	9424.0
05	0.0	0.0	9424.0	0.0
06	0.0	0.0	0.0	9424.0
XX
//
AC PF0014.1
XX
ID TGACGTCA
XX
DE PF0014.1 TGACGTCA ; From JASPAR 2018
PO	A	C	G	T
01	0.0	0.0	0.0	1100.0
02	0.0	0.0	1100.0	0.0
03	1100.0	0.0	0.0	0.0
04	0.0	1100.0	0.0	0.0
05	0.0	0.0	1100.0	0.0
06	0.0	0.0	0.0	1100.0
07	0.0	1100.0	0.0	0.0
08	1100.0	0.0	0.0	0.0
XX
//
AC PF0015.1
XX
ID CAGCTG
XX
DE PF0015.1 CAGCTG ; From JASPAR 2018
PO	A	C	G	T
01	0.0	6436.0	0.0	0.0
02	6436.0	0.0	0.0	0.0
03	0.0	0.0	6436.0	0.0
04	0.0	6436.0	0.0	0.0
05	0.0	0.0	0.0	6436.0
06	0.0	0.0	6436.0	0.0
XX
//
AC PF0016.1
XX
ID RYTTCCTG
XX
DE PF0016.1 RYTTCCTG ; From JASPAR 2018
PO	A	C	G	T
01	2493.0	0.0	2019.0	0.0
02	0.0	2704.0	0.0	1808.0
03	0.0	0.0	0.0	4512.0
04	0.0	0.0	0.0	4512.0
05	0.0	4512.0	0.0	0.0
06	0.0	4512.0	0.0	0.0
07	0.0	0.0	0.0	4512.0
08	0.0	0.0	4512.0	0.0
XX
//
AC PF0017.1
XX
ID AACTTT
XX
DE PF0017.1 AACTTT ; From JASPAR 2018
PO	A	C	G	T
01	8768.0	0.0	0.0	0.0
02	8768.0	0.0	0.0	0.0
03	0.0	8768.0	0.0	0.0
04	0.0	0.0	0.0	8768.0
05	0.0	0.0	0.0	8768.0
06	0.0	0.0	0.0	8768.0
XX
//
AC PF0018.1
XX
ID TCANNTGAY
XX
DE PF0018.1 TCANNTGAY ; From JASPAR 2018
PO	A	C	G	T
01	0.0	0.0	0.0	2740.0
02	0.0	2740.0	0.0	0.0
03	2740.0	0.0	0.0	0.0
04	173.0	1452.0	687.0	428.0
05	520.0	662.0	1458.0	100.0
06	0.0	0.0	0.0	2740.0
07	0.0	0.0	2740.0	0.0
08	2740.0	0.0	0.0	0.0
09	0.0	1985.0	0.0	755.0
XX
//
AC PF0019.1
XX
ID GKCGCNNNNNNNTGAYG
XX
DE PF0019.1 GKCGCNNNNNNNTGAYG ; From JASPAR 2018
PO	A	C	G	T
01	0.0	0.0	316.0	0.0
02	0.0	0.0	201.0	115.0
03	0.0	316.0	0.0	0.0
04	0.0	0.0	316.0	0.0
05	0.0	316.0	0.0	0.0
06	44.0	66.0	169.0	37.0
07	14.0	111.0	129.0	62.0
08	74.0	84.0	129.0	29.0
09	39.0	111.0	112.0	54.0
10	33.0	90.0	78.0	115.0
11	92.0	14.0	154.0	56.0
12	170.0	32.0	101.0	13.0
13	0.0	0.0	0.0	316.0
14	0.0	0.0	316.0	0.0
15	316.0	0.0	0.0	0.0
16	0.0	294.0	0.0	22.0
17	0.0	0.0	316.0	0.0
XX
//
AC PF0020.1
XX
ID GTGACGY
XX
DE PF0020.1 GTGACGY ; From JASPAR 2018
PO	A	C	G	T
01	0.0	0.0	3432.0	0.0
02	0.0	0.0	0.0	3432.0
03	0.0	0.0	3432.0	0.0
04	3432.0	0.0	0.0	0.0
05	0.0	3432.0	0.0	0.0
06	0.0	0.0	3432.0	0.0
07	0.0	1434.0	0.0	1998.0
XX
//
AC PF0021.1
XX
ID GGAANCGGAANY
XX
DE PF0021.1 GGAANCGGAANY ; From JASPAR 2018
PO	A	C	G	T
01	0.0	0.0	516.0	0.0
02	0.0	0.0	516.0	0.0
03	516.0	0.0	0.0	0.0
04	516.0	0.0	0.0	0.0
05	67.0	185.0	264.0	0.0
06	0.0	516.0	0.0	0.0
07	0.0	0.0	516.0	0.0
08	0.0	0.0	516.0	0.0
09	516.0	0.0	0.0	0.0
10	516.0	0.0	0.0	0.0
11	110.0	47.0	350.0	9.0
12	0.0	228.0	0.0	288.0
XX
//
AC PF0022.1
XX
ID TGCGCANK
XX
DE PF0022.1 TGCGCANK ; From JASPAR 2018
PO	A	C	G	T
01	0.0	0.0	0.0	3576.0
02	0.0	0.0	3576.0	0.0
03	0.0	3576.0	0.0	0.0
04	0.0	0.0	3576.0	0.0
05	0.0	3576.0	0.0	0.0
06	3576.0	0.0	0.0	0.0
07	316.0	865.0	1531.0	864.0
08	0.0	0.0	2449.0	1127.0
XX
//
AC PF0023.1
XX
ID TAATTA
XX
DE PF0023.1 TAATTA ; From JASPAR 2018
PO	A	C	G	T
01	0.0	0.0	0.0	2256.0
02	2256.0	0.0	0.0	0.0
03	2256.0	0.0	0.0	0.0
04	0.0	0.0	0.0	2256.0
05	0.0	0.0	0.0	2256.0
06	2256.0	0.0	0.0	0.0
XX
//
AC PF0024.1
XX
ID GGGAGGRR
XX
DE PF0024.1 GGGAGGRR ; From JASPAR 2018
PO	A	C	G	T
01	0.0	0.0	11176.0	0.0
02	0.0	0.0	11176.0	0.0
03	0.0	0.0	11176.0	0.0
04	11176.0	0.0	0.0	0.0
05	0.0	0.0	11176.0	0.0
06	0.0	0.0	11176.0	0.0
07	3724.0	0.0	7452.0	0.0
08	2525.0	0.0	8651.0	0.0
XX
//
AC PF0025.1
XX
ID TGACCTY
XX
DE PF0025.1 TGACCTY ; From JASPAR 2018
PO	A	C	G	T
01	0.0	0.0	0.0	3728.0
02	0.0	0.0	3728.0	0.0
03	3728.0	0.0	0.0	0.0
04	0.0	3728.0	0.0	0.0
05	0.0	3728.0	0.0	0.0
06	0.0	0.0	0.0	3728.0
07	0.0	1530.0	0.0	2198.0
XX
//
AC PF0026.1
XX
ID TTAYRTAA
XX
DE PF0026.1 TTAYRTAA ; From JASPAR 2018
PO	A	C	G	T
01	0.0	0.0	0.0	680.0
02	0.0	0.0	0.0	680.0
03	680.0	0.0	0.0	0.0
04	0.0	286.0	0.0	394.0
05	375.0	0.0	305.0	0.0
06	0.0	0.0	0.0	680.0
07	680.0	0.0	0.0	0.0
08	680.0	0.0	0.0	0.0
XX
//
AC PF0027.1
XX
ID TGGNNNNNNKCCAR
XX
DE PF0027.1 TGGNNNNNNKCCAR ; From JASPAR 2018
PO	A	C	G	T
01	0.0	0.0	0.0	1640.0
02	0.0	0.0	1640.0	0.0
03	0.0	0.0	1640.0	0.0
04	437.0	679.0	353.0	171.0
05	351.0	465.0	388.0	436.0
06	387.0	451.0	455.0	347.0
07	298.0	526.0	547.0	269.0
08	381.0	419.0	488.0	352.0
09	441.0	330.0	498.0	371.0
10	0.0	0.0	971.0	669.0
11	0.0	1640.0	0.0	0.0
12	0.0	1640.0	0.0	0.0
13	1640.0	0.0	0.0	0.0
14	469.0	0.0	1171.0	0.0
XX
//
AC PF0028.1
XX
ID CTAWWWATA
XX
DE PF0028.1 CTAWWWATA ; From JASPAR 2018
PO	A	C	G	T
01	0.0	1356.0	0.0	0.0
02	0.0	0.0	0.0	1356.0
03	1356.0	0.0	0.0	0.0
04	605.0	0.0	0.0	751.0
05	896.0	0.0	0.0	460.0
06	881.0	0.0	0.0	475.0
07	1356.0	0.0	0.0	0.0
08	0.0	0.0	0.0	1356.0
09	1356.0	0.0	0.0	0.0
XX
//
AC PF0029.1
XX
ID CTTTAAR
XX
DE PF0029.1 CTTTAAR ; From JASPAR 2018
PO	A	C	G	T
01	0.0	3588.0	0.0	0.0
02	0.0	0.0	0.0	3588.0
03	0.0	0.0	0.0	3588.0
04	0.0	0.0	0.0	3588.0
05	3588.0	0.0	0.0	0.0
06	3588.0	0.0	0.0	0.0
07	1993.0	0.0	1595.0	0.0
XX
//
AC PF0030.1
XX
ID YGCGYRCGC
XX
DE PF0030.1 YGCGYRCGC ; From JASPAR 2018
PO	A	C	G	T
01	0.0	1385.0	0.0	747.0
02	0.0	0.0	2132.0	0.0
03	0.0	2132.0	0.0	0.0
04	0.0	0.0	2132.0	0.0
05	0.0	1435.0	0.0	697.0
06	619.0	0.0	1513.0	0.0
07	0.0	2132.0	0.0	0.0
08	0.0	0.0	2132.0	0.0
09	0.0	2132.0	0.0	0.0
XX
//
AC PF0031.1
XX
ID GGGYGTGNY
XX
DE PF0031.1 GGGYGTGNY ; From JASPAR 2018
PO	A	C	G	T
01	0.0	0.0	2812.0	0.0
02	0.0	0.0	2812.0	0.0
03	0.0	0.0	2812.0	0.0
04	0.0	1564.0	0.0	1248.0
05	0.0	0.0	2812.0	0.0
06	0.0	0.0	0.0	2812.0
07	0.0	0.0	2812.0	0.0
08	320.0	326.0	1648.0	518.0
09	0.0	2021.0	0.0	791.0
XX
//
AC PF0032.1
XX
ID TGASTMAGC
XX
DE PF0032.1 TGASTMAGC ; From JASPAR 2018
PO	A	C	G	T
01	0.0	0.0	0.0	596.0
02	0.0	0.0	596.0	0.0
03	596.0	0.0	0.0	0.0
04	0.0	415.0	181.0	0.0
05	0.0	0.0	0.0	596.0
06	68.0	528.0	0.0	0.0
07	596.0	0.0	0.0	0.0
08	0.0	0.0	596.0	0.0
09	0.0	596.0	0.0	0.0
XX
//
AC PF0033.1
XX
ID YTATTTTNR
XX
DE PF0033.1 YTATTTTNR ; From JASPAR 2018
PO	A	C	G	T
01	0.0	874.0	0.0	1234.0
02	0.0	0.0	0.0	2108.0
03	2108.0	0.0	0.0	0.0
04	0.0	0.0	0.0	2108.0
05	0.0	0.0	0.0	2108.0
06	0.0	0.0	0.0	2108.0
07	0.0	0.0	0.0	2108.0
08	490.0	162.0	469.0	987.0
09	1335.0	0.0	773.0	0.0
XX
//
AC PF0034.1
XX
ID CYTAGCAAY
XX
DE PF0034.1 CYTAGCAAY ; From JASPAR 2018
PO	A	C	G	T
01	0.0	608.0	0.0	0.0
02	0.0	357.0	0.0	251.0
03	0.0	0.0	0.0	608.0
04	608.0	0.0	0.0	0.0
05	0.0	0.0	608.0	0.0
06	0.0	608.0	0.0	0.0
07	608.0	0.0	0.0	0.0
08	608.0	0.0	0.0	0.0
09	0.0	588.0	0.0	20.0
XX
//
AC PF0035.1
XX
ID GCANCTGNY
XX
DE PF0035.1 GCANCTGNY ; From JASPAR 2018
PO	A	C	G	T
01	0.0	0.0	3756.0	0.0
02	0.0	3756.0	0.0	0.0
03	3756.0	0.0	0.0	0.0
04	233.0	1350.0	1723.0	450.0
05	0.0	3756.0	0.0	0.0
06	0.0	0.0	0.0	3756.0
07	0.0	0.0	3756.0	0.0
08	360.0	1617.0	811.0	968.0
09	0.0	1976.0	0.0	1780.0
XX
//
AC PF0036.1
XX
ID RTAAACA
XX
DE PF0036.1 RTAAACA ; From JASPAR 2018
PO	A	C	G	T
01	1339.0	0.0	1581.0	0.0
02	0.0	0.0	0.0	2920.0
03	2920.0	0.0	0.0	0.0
04	2920.0	0.0	0.0	0.0
05	2920.0	0.0	0.0	0.0
06	0.0	2920.0	0.0	0.0
07	2920.0	0.0	0.0	0.0
XX
//
AC PF0037.1
XX
ID GTTRYCATRR
XX
DE PF0037.1 GTTRYCATRR ; From JASPAR 2018
PO	A	C	G	T
01	0.0	0.0	652.0	0.0
02	0.0	0.0	0.0	652.0
03	0.0	0.0	0.0	652.0
04	145.0	0.0	507.0	0.0
05	0.0	558.0	0.0	94.0
06	0.0	652.0	0.0	0.0
07	652.0	0.0	0.0	0.0
08	0.0	0.0	0.0	652.0
09	168.0	0.0	484.0	0.0
10	113.0	0.0	539.0	0.0
XX
//
AC PF0038.1
XX
ID TGACCTTG
XX
DE PF0038.1 TGACCTTG ; From JASPAR 2018
PO	A	C	G	T
01	0.0	0.0	0.0	764.0
02	0.0	0.0	764.0	0.0
03	764.0	0.0	0.0	0.0
04	0.0	764.0	0.0	0.0
05	0.0	764.0	0.0	0.0
06	0.0	0.0	0.0	764.0
07	0.0	0.0	0.0	764.0
08	0.0	0.0	764.0	0.0
XX
//
AC PF0039.1
XX
ID TCCCRNNRTGC
XX
DE PF0039.1 TCCCRNNRTGC ; From JASPAR 2018
PO	A	C	G	T
01	0.0	0.0	0.0	1024.0
02	0.0	1024.0	0.0	0.0
03	0.0	1024.0	0.0	0.0
04	0.0	1024.0	0.0	0.0
05	662.0	0.0	362.0	0.0
06	125.0	137.0	598.0	164.0
07	234.0	515.0	231.0	44.0
08	727.0	0.0	297.0	0.0
09	0.0	0.0	0.0	1024.0
10	0.0	0.0	1024.0	0.0
11	0.0	1024.0	0.0	0.0
XX
//
AC PF0040.1
XX
ID TTCYNRGAA
XX
DE PF0040.1 TTCYNRGAA ; From JASPAR 2018
PO	A	C	G	T
01	0.0	0.0	0.0	1048.0
02	0.0	0.0	0.0	1048.0
03	0.0	1048.0	0.0	0.0
04	0.0	659.0	0.0	389.0
05	249.0	246.0	247.0	306.0
06	480.0	0.0	568.0	0.0
07	0.0	0.0	1048.0	0.0
08	1048.0	0.0	0.0	0.0
09	1048.0	0.0	0.0	0.0
XX
//
AC PF0041.1
XX
ID TGACAGNY
XX
DE PF0041.1 TGACAGNY ; From JASPAR 2018
PO	A	C	G	T
01	0.0	0.0	0.0	3392.0
02	0.0	0.0	3392.0	0.0
03	3392.0	0.0	0.0	0.0
04	0.0	3392.0	0.0	0.0
05	3392.0	0.0	0.0	0.0
06	0.0	0.0	3392.0	0.0
07	420.0	1408.0	1072.0	492.0
08	0.0	1569.0	0.0	1823.0
XX
//
AC PF0042.1
XX
ID TGACATY
XX
DE PF0042.1 TGACATY ; From JASPAR 2018
PO	A	C	G	T
01	0.0	0.0	0.0	2500.0
02	0.0	0.0	2500.0	0.0
03	2500.0	0.0	0.0	0.0
04	0.0	2500.0	0.0	0.0
05	2500.0	0.0	0.0	0.0
06	0.0	0.0	0.0	2500.0
07	0.0	1416.0	0.0	1084.0
XX
//
AC PF0043.1
XX
ID GTTGNYNNRGNAAC
XX
DE PF0043.1 GTTGNYNNRGNAAC ; From JASPAR 2018
PO	A	C	G	T
01	0.0	0.0	420.0	0.0
02	0.0	0.0	0.0	420.0
03	0.0	0.0	0.0	420.0
04	0.0	0.0	420.0	0.0
05	4.0	313.0	10.0	93.0
06	0.0	333.0	0.0	87.0
07	225.0	76.0	67.0	52.0
08	78.0	47.0	98.0	197.0
09	122.0	0.0	298.0	0.0
10	0.0	0.0	420.0	0.0
11	125.0	124.0	53.0	118.0
12	420.0	0.0	0.0	0.0
13	420.0	0.0	0.0	0.0
14	0.0	420.0	0.0	0.0
XX
//
AC PF0044.1
XX
ID YATGNWAAT
XX
DE PF0044.1 YATGNWAAT ; From JASPAR 2018
PO	A	C	G	T
01	0.0	384.0	0.0	828.0
02	1212.0	0.0	0.0	0.0
03	0.0	0.0	0.0	1212.0
04	0.0	0.0	1212.0	0.0
05	57.0	807.0	134.0	214.0
06	889.0	0.0	0.0	323.0
07	1212.0	0.0	0.0	0.0
08	1212.0	0.0	0.0	0.0
09	0.0	0.0	0.0	1212.0
XX
//
AC PF0045.1
XX
ID CCANNAGRKGGC
XX
DE PF0045.1 CCANNAGRKGGC ; From JASPAR 2018
PO	A	C	G	T
01	0.0	284.0	0.0	0.0
02	0.0	284.0	0.0	0.0
03	284.0	0.0	0.0	0.0
04	8.0	139.0	126.0	11.0
05	44.0	153.0	30.0	57.0
06	284.0	0.0	0.0	0.0
07	0.0	0.0	284.0	0.0
08	144.0	0.0	140.0	0.0
09	0.0	0.0	160.0	124.0
10	0.0	0.0	284.0	0.0
11	0.0	0.0	284.0	0.0
12	0.0	284.0	0.0	0.0
XX
//
AC PF0046.1
XX
ID WTTGKCTG
XX
DE PF0046.1 WTTGKCTG ; From JASPAR 2018
PO	A	C	G	T
01	1624.0	0.0	0.0	548.0
02	0.0	0.0	0.0	2172.0
03	0.0	0.0	0.0	2172.0
04	0.0	0.0	2172.0	0.0
05	0.0	0.0	1643.0	529.0
06	0.0	2172.0	0.0	0.0
07	0.0	0.0	0.0	2172.0
08	0.0	0.0	2172.0	0.0
XX
//
AC PF0047.1
XX
ID TGCCAAR
XX
DE PF0047.1 TGCCAAR ; From JASPAR 2018
PO	A	C	G	T
01	0.0	0.0	0.0	2132.0
02	0.0	0.0	2132.0	0.0
03	0.0	2132.0	0.0	0.0
04	0.0	2132.0	0.0	0.0
05	2132.0	0.0	0.0	0.0
06	2132.0	0.0	0.0	0.0
07	1062.0	0.0	1070.0	0.0
XX
//
AC PF0048.1
XX
ID GCGNNANTTCC
XX
DE PF0048.1 GCGNNANTTCC ; From JASPAR 2018
PO	A	C	G	T
01	0.0	0.0	620.0	0.0
02	0.0	620.0	0.0	0.0
03	0.0	0.0	620.0	0.0
04	52.0	155.0	241.0	172.0
05	43.0	340.0	213.0	24.0
06	620.0	0.0	0.0	0.0
07	14.0	406.0	86.0	114.0
08	0.0	0.0	0.0	620.0
09	0.0	0.0	0.0	620.0
10	0.0	620.0	0.0	0.0
11	0.0	620.0	0.0	0.0
XX
//
AC PF0049.1
XX
ID CATTGTYY
XX
DE PF0049.1 CATTGTYY ; From JASPAR 2018
PO	A	C	G	T
01	0.0	1404.0	0.0	0.0
02	1404.0	0.0	0.0	0.0
03	0.0	0.0	0.0	1404.0
04	0.0	0.0	0.0	1404.0
05	0.0	0.0	1404.0	0.0
06	0.0	0.0	0.0	1404.0
07	0.0	579.0	0.0	825.0
08	0.0	709.0	0.0	695.0
XX
//
AC PF0050.1
XX
ID RGAGGAARY
XX
DE PF0050.1 RGAGGAARY ; From JASPAR 2018
PO	A	C	G	T
01	983.0	0.0	905.0	0.0
02	0.0	0.0	1888.0	0.0
03	1888.0	0.0	0.0	0.0
04	0.0	0.0	1888.0	0.0
05	0.0	0.0	1888.0	0.0
06	1888.0	0.0	0.0	0.0
07	1888.0	0.0	0.0	0.0
08	544.0	0.0	1344.0	0.0
09	0.0	839.0	0.0	1049.0
XX
//
AC PF0051.1
XX
ID TATAAA
XX
DE PF0051.1 TATAAA ; From JASPAR 2018
PO	A	C	G	T
01	0.0	0.0	0.0	4688.0
02	4688.0	0.0	0.0	0.0
03	0.0	0.0	0.0	4688.0
04	4688.0	0.0	0.0	0.0
05	4688.0	0.0	0.0	0.0
06	4688.0	0.0	0.0	0.0
XX
//
AC PF0052.1
XX
ID YYCATTCAWW
XX
DE PF0052.1 YYCATTCAWW ; From JASPAR 2018
PO	A	C	G	T
01	0.0	307.0	0.0	309.0
02	0.0	269.0	0.0	347.0
03	0.0	616.0	0.0	0.0
04	616.0	0.0	0.0	0.0
05	0.0	0.0	0.0	616.0
06	0.0	0.0	0.0	616.0
07	0.0	616.0	0.0	0.0
08	616.0	0.0	0.0	0.0
09	127.0	0.0	0.0	489.0
10	254.0	0.0	0.0	362.0
XX
//
AC PF0053.1
XX
ID RYTGCNNRGNAAC
XX
DE PF0053.1 RYTGCNNRGNAAC ; From JASPAR 2018
PO	A	C	G	T
01	53.0	0.0	411.0	0.0
02	0.0	73.0	0.0	391.0
03	0.0	0.0	0.0	464.0
04	0.0	0.0	464.0	0.0
05	0.0	464.0	0.0	0.0
06	41.0	206.0	9.0	208.0
07	171.0	54.0	98.0	141.0
08	198.0	0.0	266.0	0.0
09	0.0	0.0	464.0	0.0
10	86.0	266.0	40.0	72.0
11	464.0	0.0	0.0	0.0
12	464.0	0.0	0.0	0.0
13	0.0	464.0	0.0	0.0
XX
//
AC PF0054.1
XX
ID TAAWWATAG
XX
DE PF0054.1 TAAWWATAG ; From JASPAR 2018
PO	A	C	G	T
01	0.0	0.0	0.0	508.0
02	508.0	0.0	0.0	0.0
03	508.0	0.0	0.0	0.0
04	436.0	0.0	0.0	72.0
05	336.0	0.0	0.0	172.0
06	508.0	0.0	0.0	0.0
07	0.0	0.0	0.0	508.0
08	508.0	0.0	0.0	0.0
09	0.0	0.0	508.0	0.0
XX
//
AC PF0055.1
XX
ID TGGAAA
XX
DE PF0055.1 TGGAAA ; From JASPAR 2018
PO	A	C	G	T
01	0.0	0.0	0.0	6612.0
02	0.0	0.0	6612.0	0.0
03	0.0	0.0	6612.0	0.0
04	6612.0	0.0	0.0	0.0
05	6612.0	0.0	0.0	0.0
06	6612.0	0.0	0.0	0.0
XX
//
AC PF0056.1
XX
ID GGGTGGRR
XX
DE PF0056.1 GGGTGGRR ; From JASPAR 2018
PO	A	C	G	T
01	0.0	0.0	5364.0	0.0
02	0.0	0.0	5364.0	0.0
03	0.0	0.0	5364.0	0.0
04	0.0	0.0	0.0	5364.0
05	0.0	0.0	5364.0	0.0
06	0.0	0.0	5364.0	0.0
07	1339.0	0.0	4025.0	0.0
08	1183.0	0.0	4181.0	0.0
XX
//
AC PF0057.1
XX
ID ACCTGTTG
XX
DE PF0057.1 ACCTGTTG ; From JASPAR 2018
PO	A	C	G	T
01	480.0	0.0	0.0	0.0
02	0.0	480.0	0.0	0.0
03	0.0	480.0	0.0	0.0
04	0.0	0.0	0.0	480.0
05	0.0	0.0	480.0	0.0
06	0.0	0.0	0.0	480.0
07	0.0	0.0	0.0	480.0
08	0.0	0.0	480.0	0.0
XX
//
AC PF0058.1
XX
ID YCATTAA
XX
DE PF0058.1 YCATTAA ; From JASPAR 2018
PO	A	C	G	T
01	0.0	732.0	0.0	856.0
02	0.0	1588.0	0.0	0.0
03	1588.0	0.0	0.0	0.0
04	0.0	0.0	0.0	1588.0
05	0.0	0.0	0.0	1588.0
06	1588.0	0.0	0.0	0.0
07	1588.0	0.0	0.0	0.0
XX
//
AC PF0059.1
XX
ID WCTCNATGGY
XX
DE PF0059.1 WCTCNATGGY ; From JASPAR 2018
PO	A	C	G	T
01	42.0	0.0	0.0	286.0
02	0.0	328.0	0.0	0.0
03	0.0	0.0	0.0	328.0
04	0.0	328.0	0.0	0.0
05	4.0	128.0	34.0	162.0
06	328.0	0.0	0.0	0.0
07	0.0	0.0	0.0	328.0
08	0.0	0.0	328.0	0.0
09	0.0	0.0	328.0	0.0
10	0.0	124.0	0.0	204.0
XX
//
AC PF0060.1
XX
ID TTGTTT
XX
DE PF0060.1 TTGTTT ; From JASPAR 2018
PO	A	C	G	T
01	0.0	0.0	0.0	7452.0
02	0.0	0.0	0.0	7452.0
03	0.0	0.0	7452.0	0.0
04	0.0	0.0	0.0	7452.0
05	0.0	0.0	0.0	7452.0
06	0.0	0.0	0.0	7452.0
XX
//
AC PF0061.1
XX
ID YTAATTAA
XX
DE PF0061.1 YTAATTAA ; From JASPAR 2018
PO	A	C	G	T
01	0.0	205.0	0.0	347.0
02	0.0	0.0	0.0	552.0
03	552.0	0.0	0.0	0.0
04	552.0	0.0	0.0	0.0
05	0.0	0.0	0.0	552.0
06	0.0	0.0	0.0	552.0
07	552.0	0.0	0.0	0.0
08	552.0	0.0	0.0	0.0
XX
//
AC PF0062.1
XX
ID SMTTTTGT
XX
DE PF0062.1 SMTTTTGT ; From JASPAR 2018
PO	A	C	G	T
01	0.0	886.0	574.0	0.0
02	552.0	908.0	0.0	0.0
03	0.0	0.0	0.0	1460.0
04	0.0	0.0	0.0	1460.0
05	0.0	0.0	0.0	1460.0
06	0.0	0.0	0.0	1460.0
07	0.0	0.0	1460.0	0.0
08	0.0	0.0	0.0	1460.0
XX
//
AC PF0063.1
XX
ID AAGWWRNYGGC
XX
DE PF0063.1 AAGWWRNYGGC ; From JASPAR 2018
PO	A	C	G	T
01	536.0	0.0	0.0	0.0
02	536.0	0.0	0.0	0.0
03	0.0	0.0	536.0	0.0
04	444.0	0.0	0.0	92.0
05	95.0	0.0	0.0	441.0
06	76.0	0.0	460.0	0.0
07	44.0	37.0	416.0	39.0
08	0.0	369.0	0.0	167.0
09	0.0	0.0	536.0	0.0
10	0.0	0.0	536.0	0.0
11	0.0	536.0	0.0	0.0
XX
//
AC PF0064.1
XX
ID TTANTCA
XX
DE PF0064.1 TTANTCA ; From JASPAR 2018
PO	A	C	G	T
01	0.0	0.0	0.0	2924.0
02	0.0	0.0	0.0	2924.0
03	2924.0	0.0	0.0	0.0
04	815.0	581.0	665.0	863.0
05	0.0	0.0	0.0	2924.0
06	0.0	2924.0	0.0	0.0
07	2924.0	0.0	0.0	0.0
XX
//
AC PF0065.1
XX
ID ARGGGTTAA
XX
DE PF0065.1 ARGGGTTAA ; From JASPAR 2018
PO	A	C	G	T
01	348.0	0.0	0.0	0.0
02	192.0	0.0	156.0	0.0
03	0.0	0.0	348.0	0.0
04	0.0	0.0	348.0	0.0
05	0.0	0.0	348.0	0.0
06	0.0	0.0	0.0	348.0
07	0.0	0.0	0.0	348.0
08	348.0	0.0	0.0	0.0
09	348.0	0.0	0.0	0.0
XX
//
AC PF0066.1
XX
ID RACTNNRTTTNC
XX
DE PF0066.1 RACTNNRTTTNC ; From JASPAR 2018
PO	A	C	G	T
01	193.0	0.0	295.0	0.0
02	488.0	0.0	0.0	0.0
03	0.0	488.0	0.0	0.0
04	0.0	0.0	0.0	488.0
05	261.0	128.0	42.0	57.0
06	36.0	382.0	28.0	42.0
07	409.0	0.0	79.0	0.0
08	0.0	0.0	0.0	488.0
09	0.0	0.0	0.0	488.0
10	0.0	0.0	0.0	488.0
11	31.0	400.0	17.0	40.0
12	0.0	488.0	0.0	0.0
XX
//
AC PF0067.1
XX
ID TGANNYRGCA
XX
DE PF0067.1 TGANNYRGCA ; From JASPAR 2018
PO	A	C	G	T
01	0.0	0.0	0.0	864.0
02	0.0	0.0	864.0	0.0
03	864.0	0.0	0.0	0.0
04	105.0	368.0	228.0	163.0
05	162.0	125.0	206.0	371.0
06	0.0	558.0	0.0	306.0
07	571.0	0.0	293.0	0.0
08	0.0	0.0	864.0	0.0
09	0.0	864.0	0.0	0.0
10	864.0	0.0	0.0	0.0
XX
//
AC PF0068.1
XX
ID RGAANNTTC
XX
DE PF0068.1 RGAANNTTC ; From JASPAR 2018
PO	A	C	G	T
01	1145.0	0.0	1327.0	0.0
02	0.0	0.0	2472.0	0.0
03	2472.0	0.0	0.0	0.0
04	2472.0	0.0	0.0	0.0
05	811.0	570.0	642.0	449.0
06	479.0	672.0	645.0	676.0
07	0.0	0.0	0.0	2472.0
08	0.0	0.0	0.0	2472.0
09	0.0	2472.0	0.0	0.0
XX
//
AC PF0069.1
XX
ID SGCGSSAAA
XX
DE PF0069.1 SGCGSSAAA ; From JASPAR 2018
PO	A	C	G	T
01	0.0	219.0	633.0	0.0
02	0.0	0.0	852.0	0.0
03	0.0	852.0	0.0	0.0
04	0.0	0.0	852.0	0.0
05	0.0	296.0	556.0	0.0
06	0.0	229.0	623.0	0.0
07	852.0	0.0	0.0	0.0
08	852.0	0.0	0.0	0.0
09	852.0	0.0	0.0	0.0
XX
//
AC PF0070.1
XX
ID CGTSACG
XX
DE PF0070.1 CGTSACG ; From JASPAR 2018
PO	A	C	G	T
01	0.0	700.0	0.0	0.0
02	0.0	0.0	700.0	0.0
03	0.0	0.0	0.0	700.0
04	0.0	320.0	380.0	0.0
05	700.0	0.0	0.0	0.0
06	0.0	700.0	0.0	0.0
07	0.0	0.0	700.0	0.0
XX
//
AC PF0071.1
XX
ID SYATTGTG
XX
DE PF0071.1 SYATTGTG ; From JASPAR 2018
PO	A	C	G	T
01	0.0	603.0	405.0	0.0
02	0.0	678.0	0.0	330.0
03	1008.0	0.0	0.0	0.0
04	0.0	0.0	0.0	1008.0
05	0.0	0.0	0.0	1008.0
06	0.0	0.0	1008.0	0.0
07	0.0	0.0	0.0	1008.0
08	0.0	0.0	1008.0	0.0
XX
//
AC PF0072.1
XX
ID TTCYRGAA
XX
DE PF0072.1 TTCYRGAA ; From JASPAR 2018
PO	A	C	G	T
01	0.0	0.0	0.0	1044.0
02	0.0	0.0	0.0	1044.0
03	0.0	1044.0	0.0	0.0
04	0.0	458.0	0.0	586.0
05	541.0	0.0	503.0	0.0
06	0.0	0.0	1044.0	0.0
07	1044.0	0.0	0.0	0.0
08	1044.0	0.0	0.0	0.0
XX
//
AC PF0073.1
XX
ID CTTTGA
XX
DE PF0073.1 CTTTGA ; From JASPAR 2018
PO	A	C	G	T
01	0.0	4260.0	0.0	0.0
02	0.0	0.0	0.0	4260.0
03	0.0	0.0	0.0	4260.0
04	0.0	0.0	0.0	4260.0
05	0.0	0.0	4260.0	0.0
06	4260.0	0.0	0.0	0.0
XX
//
AC PF0074.1
XX
ID GGAMTNNNNNTCCY
XX
DE PF0074.1 GGAMTNNNNNTCCY ; From JASPAR 2018
PO	A	C	G	T
01	0.0	0.0	548.0	0.0
02	0.0	0.0	548.0	0.0
03	548.0	0.0	0.0	0.0
04	94.0	454.0	0.0	0.0
05	0.0	0.0	0.0	548.0
06	272.0	171.0	47.0	58.0
07	17.0	437.0	41.0	53.0
08	329.0	37.0	135.0	47.0
09	181.0	52.0	86.0	229.0
10	38.0	165.0	66.0	279.0
11	0.0	0.0	0.0	548.0
12	0.0	548.0	0.0	0.0
13	0.0	548.0	0.0	0.0
14	0.0	518.0	0.0	30.0
XX
//
AC PF0075.1
XX
ID TNCATNTCCYR
XX
DE PF0075.1 TNCATNTCCYR ; From JASPAR 2018
PO	A	C	G	T
01	0.0	0.0	0.0	692.0
02	322.0	133.0	96.0	141.0
03	0.0	692.0	0.0	0.0
04	692.0	0.0	0.0	0.0
05	0.0	0.0	0.0	692.0
06	13.0	132.0	18.0	529.0
07	0.0	0.0	0.0	692.0
08	0.0	692.0	0.0	0.0
09	0.0	692.0	0.0	0.0
10	0.0	553.0	0.0	139.0
11	451.0	0.0	241.0	0.0
XX
//
AC PF0076.1
XX
ID CAGGTA
XX
DE PF0076.1 CAGGTA ; From JASPAR 2018
PO	A	C	G	T
01	0.0	2472.0	0.0	0.0
02	2472.0	0.0	0.0	0.0
03	0.0	0.0	2472.0	0.0
04	0.0	0.0	2472.0	0.0
05	0.0	0.0	0.0	2472.0
06	2472.0	0.0	0.0	0.0
XX
//
AC PF0077.1
XX
ID AAAYRNCTG
XX
DE PF0077.1 AAAYRNCTG ; From JASPAR 2018
PO	A	C	G	T
01	1036.0	0.0	0.0	0.0
02	1036.0	0.0	0.0	0.0
03	1036.0	0.0	0.0	0.0
04	0.0	495.0	0.0	541.0
05	620.0	0.0	416.0	0.0
06	198.0	185.0	402.0	251.0
07	0.0	1036.0	0.0	0.0
08	0.0	0.0	0.0	1036.0
09	0.0	0.0	1036.0	0.0
XX
//
AC PF0078.1
XX
ID GCTNWTTGK
XX
DE PF0078.1 GCTNWTTGK ; From JASPAR 2018
PO	A	C	G	T
01	0.0	0.0	1104.0	0.0
02	0.0	1104.0	0.0	0.0
03	0.0	0.0	0.0	1104.0
04	111.0	330.0	589.0	74.0
05	680.0	0.0	0.0	424.0
06	0.0	0.0	0.0	1104.0
07	0.0	0.0	0.0	1104.0
08	0.0	0.0	1104.0	0.0
09	0.0	0.0	710.0	394.0
XX
//
AC PF0079.1
XX
ID WGGAATGY
XX
DE PF0079.1 WGGAATGY ; From JASPAR 2018
PO	A	C	G	T
01	666.0	0.0	0.0	482.0
02	0.0	0.0	1148.0	0.0
03	0.0	0.0	1148.0	0.0
04	1148.0	0.0	0.0	0.0
05	1148.0	0.0	0.0	0.0
06	0.0	0.0	0.0	1148.0
07	0.0	0.0	1148.0	0.0
08	0.0	489.0	0.0	659.0
XX
//
AC PF0080.1
XX
ID SNACANNNYSYAGA
XX
DE PF0080.1 SNACANNNYSYAGA ; From JASPAR 2018
PO	A	C	G	T
01	0.0	359.0	29.0	0.0
02	1.0	49.0	24.0	314.0
03	388.0	0.0	0.0	0.0
04	0.0	388.0	0.0	0.0
05	388.0	0.0	0.0	0.0
06	200.0	46.0	44.0	98.0
07	50.0	129.0	47.0	162.0
08	26.0	49.0	14.0	299.0
09	0.0	328.0	0.0	60.0
10	0.0	371.0	17.0	0.0
11	0.0	384.0	0.0	4.0
12	388.0	0.0	0.0	0.0
13	0.0	0.0	388.0	0.0
14	388.0	0.0	0.0	0.0
XX
//
AC PF0081.1
XX
ID CGGAARNGGCNG
XX
DE PF0081.1 CGGAARNGGCNG ; From JASPAR 2018
PO	A	C	G	T
01	0.0	296.0	0.0	0.0
02	0.0	0.0	296.0	0.0
03	0.0	0.0	296.0	0.0
04	296.0	0.0	0.0	0.0
05	296.0	0.0	0.0	0.0
06	92.0	0.0	204.0	0.0
07	113.0	40.0	91.0	52.0
08	0.0	0.0	296.0	0.0
09	0.0	0.0	296.0	0.0
10	0.0	296.0	0.0	0.0
11	49.0	36.0	181.0	30.0
12	0.0	0.0	296.0	0.0
XX
//
AC PF0082.1
XX
ID CTGYNNCTYTAA
XX
DE PF0082.1 CTGYNNCTYTAA ; From JASPAR 2018
PO	A	C	G	T
01	0.0	364.0	0.0	0.0
02	0.0	0.0	0.0	364.0
03	0.0	0.0	364.0	0.0
04	0.0	162.0	0.0	202.0
05	71.0	181.0	62.0	50.0
06	22.0	174.0	53.0	115.0
07	0.0	364.0	0.0	0.0
08	0.0	0.0	0.0	364.0
09	0.0	12.0	0.0	352.0
10	0.0	0.0	0.0	364.0
11	364.0	0.0	0.0	0.0
12	364.0	0.0	0.0	0.0
XX
//
AC PF0083.1
XX
ID TGTTTGY
XX
DE PF0083.1 TGTTTGY ; From JASPAR 2018
PO	A	C	G	T
01	0.0	0.0	0.0	2448.0
02	0.0	0.0	2448.0	0.0
03	0.0	0.0	0.0	2448.0
04	0.0	0.0	0.0	2448.0
05	0.0	0.0	0.0	2448.0
06	0.0	0.0	2448.0	0.0
07	0.0	1142.0	0.0	1306.0
XX
//
AC PF0084.1
XX
ID RGTTAMWNATT
XX
DE PF0084.1 RGTTAMWNATT ; From JASPAR 2018
PO	A	C	G	T
01	117.0	0.0	95.0	0.0
02	0.0	0.0	212.0	0.0
03	0.0	0.0	0.0	212.0
04	0.0	0.0	0.0	212.0
05	212.0	0.0	0.0	0.0
06	121.0	91.0	0.0	0.0
07	88.0	0.0	0.0	124.0
08	36.0	59.0	62.0	55.0
09	212.0	0.0	0.0	0.0
10	0.0	0.0	0.0	212.0
11	0.0	0.0	0.0	212.0
XX
//
AC PF0085.1
XX
ID STTTCRNTTT
XX
DE PF0085.1 STTTCRNTTT ; From JASPAR 2018
PO	A	C	G	T
01	0.0	395.0	237.0	0.0
02	0.0	0.0	0.0	632.0
03	0.0	0.0	0.0	632.0
04	0.0	0.0	0.0	632.0
05	0.0	632.0	0.0	0.0
06	400.0	0.0	232.0	0.0
07	63.0	228.0	179.0	162.0
08	0.0	0.0	0.0	632.0
09	0.0	0.0	0.0	632.0
10	0.0	0.0	0.0	632.0
XX
//
AC PF0086.1
XX
ID GGGNNTTTCC
XX
DE PF0086.1 GGGNNTTTCC ; From JASPAR 2018
PO	A	C	G	T
01	0.0	0.0	396.0	0.0
02	0.0	0.0	396.0	0.0
03	0.0	0.0	396.0	0.0
04	136.0	82.0	125.0	53.0
05	129.0	100.0	76.0	91.0
06	0.0	0.0	0.0	396.0
07	0.0	0.0	0.0	396.0
08	0.0	0.0	0.0	396.0
09	0.0	396.0	0.0	0.0
10	0.0	396.0	0.0	0.0
XX
//
AC PF0087.1
XX
ID RYTGCNWTGGNR
XX
DE PF0087.1 RYTGCNWTGGNR ; From JASPAR 2018
PO	A	C	G	T
01	76.0	0.0	384.0	0.0
02	0.0	149.0	0.0	311.0
03	0.0	0.0	0.0	460.0
04	0.0	0.0	460.0	0.0
05	0.0	460.0	0.0	0.0
06	44.0	300.0	17.0	99.0
07	402.0	0.0	0.0	58.0
08	0.0	0.0	0.0	460.0
09	0.0	0.0	460.0	0.0
10	0.0	0.0	460.0	0.0
11	99.0	234.0	61.0	66.0
12	233.0	0.0	227.0	0.0
XX
//
AC PF0088.1
XX
ID GGCNKCCATNK
XX
DE PF0088.1 GGCNKCCATNK ; From JASPAR 2018
PO	A	C	G	T
01	0.0	0.0	492.0	0.0
02	0.0	0.0	492.0	0.0
03	0.0	492.0	0.0	0.0
04	133.0	174.0	135.0	50.0
05	0.0	0.0	416.0	76.0
06	0.0	492.0	0.0	0.0
07	0.0	492.0	0.0	0.0
08	492.0	0.0	0.0	0.0
09	0.0	0.0	0.0	492.0
10	23.0	178.0	135.0	156.0
11	0.0	0.0	117.0	375.0
XX
//
AC PF0089.1
XX
ID GTTNYYNNGGTNA
XX
DE PF0089.1 GTTNYYNNGGTNA ; From JASPAR 2018
PO	A	C	G	T
01	0.0	0.0	364.0	0.0
02	0.0	0.0	0.0	364.0
03	0.0	0.0	0.0	364.0
04	78.0	30.0	188.0	68.0
05	0.0	287.0	0.0	77.0
06	0.0	226.0	0.0	138.0
07	190.0	78.0	51.0	45.0
08	100.0	38.0	58.0	168.0
09	0.0	0.0	364.0	0.0
10	0.0	0.0	364.0	0.0
11	0.0	0.0	0.0	364.0
12	163.0	30.0	96.0	75.0
13	364.0	0.0	0.0	0.0
XX
//
AC PF0090.1
XX
ID YAATNRNNNYNATT
XX
DE PF0090.1 YAATNRNNNYNATT ; From JASPAR 2018
PO	A	C	G	T
01	0.0	128.0	0.0	196.0
02	324.0	0.0	0.0	0.0
03	324.0	0.0	0.0	0.0
04	0.0	0.0	0.0	324.0
05	64.0	29.0	101.0	130.0
06	204.0	0.0	120.0	0.0
07	138.0	50.0	56.0	80.0
08	107.0	50.0	70.0	97.0
09	93.0	35.0	77.0	119.0
10	0.0	115.0	0.0	209.0
11	98.0	98.0	42.0	86.0
12	324.0	0.0	0.0	0.0
13	0.0	0.0	0.0	324.0
14	0.0	0.0	0.0	324.0
XX
//
AC PF0091.1
XX
ID GTGGGTGK
XX
DE PF0091.1 GTGGGTGK ; From JASPAR 2018
PO	A	C	G	T
01	0.0	0.0	944.0	0.0
02	0.0	0.0	0.0	944.0
03	0.0	0.0	944.0	0.0
04	0.0	0.0	944.0	0.0
05	0.0	0.0	944.0	0.0
06	0.0	0.0	0.0	944.0
07	0.0	0.0	944.0	0.0
08	0.0	0.0	619.0	325.0
XX
//
AC PF0092.1
XX
ID TGCTGAY
XX
DE PF0092.1 TGCTGAY ; From JASPAR 2018
PO	A	C	G	T
01	0.0	0.0	0.0	1684.0
02	0.0	0.0	1684.0	0.0
03	0.0	1684.0	0.0	0.0
04	0.0	0.0	0.0	1684.0
05	0.0	0.0	1684.0	0.0
06	1684.0	0.0	0.0	0.0
07	0.0	998.0	0.0	686.0
XX
//
AC PF0093.1
XX
ID GGATTA
XX
DE PF0093.1 GGATTA ; From JASPAR 2018
PO	A	C	G	T
01	0.0	0.0	1992.0	0.0
02	0.0	0.0	1992.0	0.0
03	1992.0	0.0	0.0	0.0
04	0.0	0.0	0.0	1992.0
05	0.0	0.0	0.0	1992.0
06	1992.0	0.0	0.0	0.0
XX
//
AC PF0094.1
XX
ID TGATTTRY
XX
DE PF0094.1 TGATTTRY ; From JASPAR 2018
PO	A	C	G	T
01	0.0	0.0	0.0	940.0
02	0.0	0.0	940.0	0.0
03	940.0	0.0	0.0	0.0
04	0.0	0.0	0.0	940.0
05	0.0	0.0	0.0	940.0
06	0.0	0.0	0.0	940.0
07	481.0	0.0	459.0	0.0
08	0.0	321.0	0.0	619.0
XX
//
AC PF0095.1
XX
ID GCCNNNWTAAR
XX
DE PF0095.1 GCCNNNWTAAR ; From JASPAR 2018
PO	A	C	G	T
01	0.0	0.0	460.0	0.0
02	0.0	460.0	0.0	0.0
03	0.0	460.0	0.0	0.0
04	77.0	204.0	99.0	80.0
05	79.0	240.0	31.0	110.0
06	45.0	101.0	28.0	286.0
07	144.0	0.0	0.0	316.0
08	0.0	0.0	0.0	460.0
09	460.0	0.0	0.0	0.0
10	460.0	0.0	0.0	0.0
11	219.0	0.0	241.0	0.0
XX
//
AC PF0096.1
XX
ID YGCANTGCR
XX
DE PF0096.1 YGCANTGCR ; From JASPAR 2018
PO	A	C	G	T
01	0.0	287.0	0.0	241.0
02	0.0	0.0	528.0	0.0
03	0.0	528.0	0.0	0.0
04	528.0	0.0	0.0	0.0
05	62.0	135.0	174.0	157.0
06	0.0	0.0	0.0	528.0
07	0.0	0.0	528.0	0.0
08	0.0	528.0	0.0	0.0
09	277.0	0.0	251.0	0.0
XX
//
AC PF0097.1
XX
ID YATTNATC
XX
DE PF0097.1 YATTNATC ; From JASPAR 2018
PO	A	C	G	T
01	0.0	459.0	0.0	533.0
02	992.0	0.0	0.0	0.0
03	0.0	0.0	0.0	992.0
04	0.0	0.0	0.0	992.0
05	178.0	259.0	195.0	360.0
06	992.0	0.0	0.0	0.0
07	0.0	0.0	0.0	992.0
08	0.0	992.0	0.0	0.0
XX
//
AC PF0098.1
XX
ID GTCNYYATGR
XX
DE PF0098.1 GTCNYYATGR ; From JASPAR 2018
PO	A	C	G	T
01	0.0	0.0	484.0	0.0
02	0.0	0.0	0.0	484.0
03	0.0	484.0	0.0	0.0
04	85.0	28.0	126.0	245.0
05	0.0	433.0	0.0	51.0
06	0.0	361.0	0.0	123.0
07	484.0	0.0	0.0	0.0
08	0.0	0.0	0.0	484.0
09	0.0	0.0	484.0	0.0
10	87.0	0.0	397.0	0.0
XX
//
AC PF0099.1
XX
ID ATCMNTCCGY
XX
DE PF0099.1 ATCMNTCCGY ; From JASPAR 2018
PO	A	C	G	T
01	344.0	0.0	0.0	0.0
02	0.0	0.0	0.0	344.0
03	0.0	344.0	0.0	0.0
04	74.0	270.0	0.0	0.0
05	31.0	208.0	31.0	74.0
06	0.0	0.0	0.0	344.0
07	0.0	344.0	0.0	0.0
08	0.0	344.0	0.0	0.0
09	0.0	0.0	344.0	0.0
10	0.0	340.0	0.0	4.0
XX
//
AC PF0100.1
XX
ID CRGAARNNNNCGA
XX
DE PF0100.1 CRGAARNNNNCGA ; From JASPAR 2018
PO	A	C	G	T
01	0.0	268.0	0.0	0.0
02	40.0	0.0	228.0	0.0
03	0.0	0.0	268.0	0.0
04	268.0	0.0	0.0	0.0
05	268.0	0.0	0.0	0.0
06	178.0	0.0	90.0	0.0
07	30.0	82.0	70.0	86.0
08	94.0	32.0	58.0	84.0
09	46.0	48.0	163.0	11.0
10	18.0	197.0	38.0	15.0
11	0.0	268.0	0.0	0.0
12	0.0	0.0	268.0	0.0
13	268.0	0.0	0.0	0.0
XX
//
AC PF0101.1
XX
ID CTGCAGY
XX
DE PF0101.1 CTGCAGY ; From JASPAR 2018
PO	A	C	G	T
01	0.0	4132.0	0.0	0.0
02	0.0	0.0	0.0	4132.0
03	0.0	0.0	4132.0	0.0
04	0.0	4132.0	0.0	0.0
05	4132.0	0.0	0.0	0.0
06	0.0	0.0	4132.0	0.0
07	0.0	2747.0	0.0	1385.0
XX
//
AC PF0102.1
XX
ID ATGGYGGA
XX
DE PF0102.1 ATGGYGGA ; From JASPAR 2018
PO	A	C	G	T
01	476.0	0.0	0.0	0.0
02	0.0	0.0	0.0	476.0
03	0.0	0.0	476.0	0.0
04	0.0	0.0	476.0	0.0
05	0.0	401.0	0.0	75.0
06	0.0	0.0	476.0	0.0
07	0.0	0.0	476.0	0.0
08	476.0	0.0	0.0	0.0
XX
//
AC PF0103.1
XX
ID ACAWNRNSRCGG
XX
DE PF0103.1 ACAWNRNSRCGG ; From JASPAR 2018
PO	A	C	G	T
01	244.0	0.0	0.0	0.0
02	0.0	244.0	0.0	0.0
03	244.0	0.0	0.0	0.0
04	208.0	0.0	0.0	36.0
05	78.0	26.0	118.0	22.0
06	160.0	0.0	84.0	0.0
07	10.0	44.0	42.0	148.0
08	0.0	34.0	210.0	0.0
09	8.0	0.0	236.0	0.0
10	0.0	244.0	0.0	0.0
11	0.0	0.0	244.0	0.0
12	0.0	0.0	244.0	0.0
XX
//
AC PF0104.1
XX
ID CCAATNNSNNNGCG
XX
DE PF0104.1 CCAATNNSNNNGCG ; From JASPAR 2018
PO	A	C	G	T
01	0.0	236.0	0.0	0.0
02	0.0	236.0	0.0	0.0
03	236.0	0.0	0.0	0.0
04	236.0	0.0	0.0	0.0
05	0.0	0.0	0.0	236.0
06	21.0	114.0	94.0	7.0
07	75.0	30.0	118.0	13.0
08	0.0	79.0	157.0	0.0
09	63.0	93.0	63.0	17.0
10	47.0	20.0	141.0	28.0
11	53.0	79.0	81.0	23.0
12	0.0	0.0	236.0	0.0
13	0.0	236.0	0.0	0.0
14	0.0	0.0	236.0	0.0
XX
//
AC PF0105.1
XX
ID ACTWSNACTNY
XX
DE PF0105.1 ACTWSNACTNY ; From JASPAR 2018
PO	A	C	G	T
01	396.0	0.0	0.0	0.0
02	0.0	396.0	0.0	0.0
03	0.0	0.0	0.0	396.0
04	319.0	0.0	0.0	77.0
05	0.0	374.0	22.0	0.0
06	292.0	47.0	44.0	13.0
07	396.0	0.0	0.0	0.0
08	0.0	396.0	0.0	0.0
09	0.0	0.0	0.0	396.0
10	14.0	324.0	6.0	52.0
11	0.0	377.0	0.0	19.0
XX
//
AC PF0106.1
XX
ID CCGNMNNTNACG
XX
DE PF0106.1 CCGNMNNTNACG ; From JASPAR 2018
PO	A	C	G	T
01	0.0	372.0	0.0	0.0
02	0.0	372.0	0.0	0.0
03	0.0	0.0	372.0	0.0
04	26.0	44.0	294.0	8.0
05	280.0	92.0	0.0	0.0
06	247.0	72.0	32.0	21.0
07	51.0	34.0	275.0	12.0
08	0.0	0.0	0.0	372.0
09	28.0	43.0	286.0	15.0
10	372.0	0.0	0.0	0.0
11	0.0	372.0	0.0	0.0
12	0.0	0.0	372.0	0.0
XX
//
AC PF0107.1
XX
ID RTTTNNNYTGGM
XX
DE PF0107.1 RTTTNNNYTGGM ; From JASPAR 2018
PO	A	C	G	T
01	185.0	0.0	179.0	0.0
02	0.0	0.0	0.0	364.0
03	0.0	0.0	0.0	364.0
04	0.0	0.0	0.0	364.0
05	87.0	72.0	113.0	92.0
06	49.0	139.0	67.0	109.0
07	108.0	70.0	42.0	144.0
08	0.0	100.0	0.0	264.0
09	0.0	0.0	0.0	364.0
10	0.0	0.0	364.0	0.0
11	0.0	0.0	364.0	0.0
12	216.0	148.0	0.0	0.0
XX
//
AC PF0108.1
XX
ID AACWWCAANK
XX
DE PF0108.1 AACWWCAANK ; From JASPAR 2018
PO	A	C	G	T
01	604.0	0.0	0.0	0.0
02	604.0	0.0	0.0	0.0
03	0.0	604.0	0.0	0.0
04	128.0	0.0	0.0	476.0
05	510.0	0.0	0.0	94.0
06	0.0	604.0	0.0	0.0
07	604.0	0.0	0.0	0.0
08	604.0	0.0	0.0	0.0
09	157.0	227.0	102.0	118.0
10	0.0	0.0	164.0	440.0
XX
//
AC PF0109.1
XX
ID YGTCCTTGR
XX
DE PF0109.1 YGTCCTTGR ; From JASPAR 2018
PO	A	C	G	T
01	0.0	63.0	0.0	265.0
02	0.0	0.0	328.0	0.0
03	0.0	0.0	0.0	328.0
04	0.0	328.0	0.0	0.0
05	0.0	328.0	0.0	0.0
06	0.0	0.0	0.0	328.0
07	0.0	0.0	0.0	328.0
08	0.0	0.0	328.0	0.0
09	137.0	0.0	191.0	0.0
XX
//
AC PF0110.1
XX
ID MCAATNNNNNGCG
XX
DE PF0110.1 MCAATNNNNNGCG ; From JASPAR 2018
PO	A	C	G	T
01	144.0	288.0	0.0	0.0
02	0.0	432.0	0.0	0.0
03	432.0	0.0	0.0	0.0
04	432.0	0.0	0.0	0.0
05	0.0	0.0	0.0	432.0
06	95.0	152.0	172.0	13.0
07	130.0	108.0	171.0	23.0
08	46.0	112.0	240.0	34.0
09	127.0	160.0	111.0	34.0
10	122.0	87.0	182.0	41.0
11	0.0	0.0	432.0	0.0
12	0.0	432.0	0.0	0.0
13	0.0	0.0	432.0	0.0
XX
//
AC PF0111.1
XX
ID RACCACAR
XX
DE PF0111.1 RACCACAR ; From JASPAR 2018
PO	A	C	G	T
01	473.0	0.0	299.0	0.0
02	772.0	0.0	0.0	0.0
03	0.0	772.0	0.0	0.0
04	0.0	772.0	0.0	0.0
05	772.0	0.0	0.0	0.0
06	0.0	772.0	0.0	0.0
07	772.0	0.0	0.0	0.0
08	407.0	0.0	365.0	0.0
XX
//
AC PF0112.1
XX
ID KTGGYRSGAA
XX
DE PF0112.1 KTGGYRSGAA ; From JASPAR 2018
PO	A	C	G	T
01	0.0	0.0	146.0	162.0
02	0.0	0.0	0.0	308.0
03	0.0	0.0	308.0	0.0
04	0.0	0.0	308.0	0.0
05	0.0	246.0	0.0	62.0
06	52.0	0.0	256.0	0.0
07	0.0	67.0	241.0	0.0
08	0.0	0.0	308.0	0.0
09	308.0	0.0	0.0	0.0
10	308.0	0.0	0.0	0.0
XX
//
AC PF0113.1
XX
ID AACYNNNNTTCCS
XX
DE PF0113.1 AACYNNNNTTCCS ; From JASPAR 2018
PO	A	C	G	T
01	412.0	0.0	0.0	0.0
02	412.0	0.0	0.0	0.0
03	0.0	412.0	0.0	0.0
04	0.0	62.0	0.0	350.0
05	270.0	61.0	41.0	40.0
06	16.0	356.0	19.0	21.0
07	269.0	81.0	45.0	17.0
08	95.0	83.0	31.0	203.0
09	0.0	0.0	0.0	412.0
10	0.0	0.0	0.0	412.0
11	0.0	412.0	0.0	0.0
12	0.0	412.0	0.0	0.0
13	0.0	381.0	31.0	0.0
XX
//
AC PF0114.1
XX
ID YTCCCRNNAGGY
XX
DE PF0114.1 YTCCCRNNAGGY ; From JASPAR 2018
PO	A	C	G	T
01	0.0	184.0	0.0	120.0
02	0.0	0.0	0.0	304.0
03	0.0	304.0	0.0	0.0
04	0.0	304.0	0.0	0.0
05	0.0	304.0	0.0	0.0
06	208.0	0.0	96.0	0.0
07	17.0	26.0	248.0	13.0
08	85.0	153.0	56.0	10.0
09	304.0	0.0	0.0	0.0
10	0.0	0.0	304.0	0.0
11	0.0	0.0	304.0	0.0
12	0.0	272.0	0.0	32.0
XX
//
AC PF0115.1
XX
ID YRTCANNRCGC
XX
DE PF0115.1 YRTCANNRCGC ; From JASPAR 2018
PO	A	C	G	T
01	0.0	218.0	0.0	114.0
02	54.0	0.0	278.0	0.0
03	0.0	0.0	0.0	332.0
04	0.0	332.0	0.0	0.0
05	332.0	0.0	0.0	0.0
06	18.0	142.0	105.0	67.0
07	37.0	132.0	116.0	47.0
08	120.0	0.0	212.0	0.0
09	0.0	332.0	0.0	0.0
10	0.0	0.0	332.0	0.0
11	0.0	332.0	0.0	0.0
XX
//
AC PF0116.1
XX
ID KMCATNNWGGA
XX
DE PF0116.1 KMCATNNWGGA ; From JASPAR 2018
PO	A	C	G	T
01	0.0	0.0	247.0	129.0
02	57.0	319.0	0.0	0.0
03	0.0	376.0	0.0	0.0
04	376.0	0.0	0.0	0.0
05	0.0	0.0	0.0	376.0
06	35.0	134.0	91.0	116.0
07	28.0	65.0	57.0	226.0
08	114.0	0.0	0.0	262.0
09	0.0	0.0	376.0	0.0
10	0.0	0.0	376.0	0.0
11	376.0	0.0	0.0	0.0
XX
//
AC PF0117.1
XX
ID TGTYNNNNNRGCARM
XX
DE PF0117.1 TGTYNNNNNRGCARM ; From JASPAR 2018
PO	A	C	G	T
01	0.0	0.0	0.0	256.0
02	0.0	0.0	256.0	0.0
03	0.0	0.0	0.0	256.0
04	0.0	100.0	0.0	156.0
05	55.0	26.0	71.0	104.0
06	23.0	109.0	35.0	89.0
07	33.0	120.0	60.0	43.0
08	117.0	54.0	53.0	32.0
09	63.0	61.0	34.0	98.0
10	136.0	0.0	120.0	0.0
11	0.0	0.0	256.0	0.0
12	0.0	256.0	0.0	0.0
13	256.0	0.0	0.0	0.0
14	139.0	0.0	117.0	0.0
15	80.0	176.0	0.0	0.0
XX
//
AC PF0118.1
XX
ID GGCNRNWCTTYS
XX
DE PF0118.1 GGCNRNWCTTYS ; From JASPAR 2018
PO	A	C	G	T
01	0.0	0.0	356.0	0.0
02	0.0	0.0	356.0	0.0
03	0.0	356.0	0.0	0.0
04	51.0	44.0	205.0	56.0
05	38.0	0.0	318.0	0.0
06	66.0	58.0	196.0	36.0
07	285.0	0.0	0.0	71.0
08	0.0	356.0	0.0	0.0
09	0.0	0.0	0.0	356.0
10	0.0	0.0	0.0	356.0
11	0.0	266.0	0.0	90.0
12	0.0	294.0	62.0	0.0
XX
//
AC PF0119.1
XX
ID GGGNRMNNYCAT
XX
DE PF0119.1 GGGNRMNNYCAT ; From JASPAR 2018
PO	A	C	G	T
01	0.0	0.0	320.0	0.0
02	0.0	0.0	320.0	0.0
03	0.0	0.0	320.0	0.0
04	62.0	172.0	49.0	37.0
05	53.0	0.0	267.0	0.0
06	88.0	232.0	0.0	0.0
07	62.0	165.0	54.0	39.0
08	39.0	41.0	204.0	36.0
09	0.0	249.0	0.0	71.0
10	0.0	320.0	0.0	0.0
11	320.0	0.0	0.0	0.0
12	0.0	0.0	0.0	320.0
XX
//
AC PF0120.1
XX
ID KRCTCNNNNMANAGC
XX
DE PF0120.1 KRCTCNNNNMANAGC ; From JASPAR 2018
PO	A	C	G	T
01	0.0	0.0	520.0	16.0
02	8.0	0.0	528.0	0.0
03	0.0	536.0	0.0	0.0
04	0.0	0.0	0.0	536.0
05	0.0	536.0	0.0	0.0
06	9.0	15.0	0.0	512.0
07	25.0	4.0	207.0	300.0
08	264.0	12.0	7.0	253.0
09	259.0	0.0	27.0	250.0
10	328.0	208.0	0.0	0.0
11	536.0	0.0	0.0	0.0
12	10.0	23.0	502.0	1.0
13	536.0	0.0	0.0	0.0
14	0.0	0.0	536.0	0.0
15	0.0	536.0	0.0	0.0
XX
//
AC PF0121.1
XX
ID CCAWWNAAGG
XX
DE PF0121.1 CCAWWNAAGG ; From JASPAR 2018
PO	A	C	G	T
01	0.0	268.0	0.0	0.0
02	0.0	268.0	0.0	0.0
03	268.0	0.0	0.0	0.0
04	138.0	0.0	0.0	130.0
05	208.0	0.0	0.0	60.0
06	108.0	45.0	28.0	87.0
07	268.0	0.0	0.0	0.0
08	268.0	0.0	0.0	0.0
09	0.0	0.0	268.0	0.0
10	0.0	0.0	268.0	0.0
XX
//
AC PF0122.1
XX
ID RNTCANNRNNYNATTW
XX
DE PF0122.1 RNTCANNRNNYNATTW ; From JASPAR 2018
PO	A	C	G	T
01	71.0	0.0	81.0	0.0
02	39.0	49.0	28.0	36.0
03	0.0	0.0	0.0	152.0
04	0.0	152.0	0.0	0.0
05	152.0	0.0	0.0	0.0
06	27.0	44.0	22.0	59.0
07	29.0	28.0	22.0	73.0
08	79.0	0.0	73.0	0.0
09	45.0	29.0	35.0	43.0
10	44.0	44.0	10.0	54.0
11	0.0	53.0	0.0	99.0
12	51.0	45.0	8.0	48.0
13	152.0	0.0	0.0	0.0
14	0.0	0.0	0.0	152.0
15	0.0	0.0	0.0	152.0
16	92.0	0.0	0.0	60.0
XX
//
AC PF0123.1
XX
ID GGCNNMSMYNTTG
XX
DE PF0123.1 GGCNNMSMYNTTG ; From JASPAR 2018
PO	A	C	G	T
01	0.0	0.0	300.0	0.0
02	0.0	0.0	300.0	0.0
03	0.0	300.0	0.0	0.0
04	85.0	100.0	99.0	16.0
05	36.0	56.0	188.0	20.0
06	50.0	250.0	0.0	0.0
07	0.0	228.0	72.0	0.0
08	192.0	108.0	0.0	0.0
09	0.0	73.0	0.0	227.0
10	29.0	110.0	83.0	78.0
11	0.0	0.0	0.0	300.0
12	0.0	0.0	0.0	300.0
13	0.0	0.0	300.0	0.0
XX
//
AC PF0124.1
XX
ID CCAWYNNGAAR
XX
DE PF0124.1 CCAWYNNGAAR ; From JASPAR 2018
PO	A	C	G	T
01	0.0	572.0	0.0	0.0
02	0.0	572.0	0.0	0.0
03	572.0	0.0	0.0	0.0
04	420.0	0.0	0.0	152.0
05	0.0	126.0	0.0	446.0
06	109.0	167.0	149.0	147.0
07	247.0	1.0	208.0	116.0
08	0.0	0.0	572.0	0.0
09	572.0	0.0	0.0	0.0
10	572.0	0.0	0.0	0.0
11	280.0	0.0	292.0	0.0
XX
//
AC PF0125.1
XX
ID RAAGNYNNCTTY
XX
DE PF0125.1 RAAGNYNNCTTY ; From JASPAR 2018
PO	A	C	G	T
01	292.0	0.0	224.0	0.0
02	516.0	0.0	0.0	0.0
03	516.0	0.0	0.0	0.0
04	0.0	0.0	516.0	0.0
05	79.0	103.0	177.0	157.0
06	0.0	224.0	0.0	292.0
07	148.0	104.0	132.0	132.0
08	121.0	144.0	116.0	135.0
09	0.0	516.0	0.0	0.0
10	0.0	0.0	0.0	516.0
11	0.0	0.0	0.0	516.0
12	0.0	230.0	0.0	286.0
XX
//
AC PF0126.1
XX
ID WYAAANNRNNNGCG
XX
DE PF0126.1 WYAAANNRNNNGCG ; From JASPAR 2018
PO	A	C	G	T
01	80.0	0.0	0.0	160.0
02	0.0	86.0	0.0	154.0
03	240.0	0.0	0.0	0.0
04	240.0	0.0	0.0	0.0
05	240.0	0.0	0.0	0.0
06	76.0	42.0	106.0	16.0
07	58.0	32.0	102.0	48.0
08	55.0	0.0	185.0	0.0
09	37.0	60.0	120.0	23.0
10	28.0	149.0	47.0	16.0
11	53.0	88.0	81.0	18.0
12	0.0	0.0	240.0	0.0
13	0.0	240.0	0.0	0.0
14	0.0	0.0	240.0	0.0
XX
//
AC PF0127.1
XX
ID WWTAAGGC
XX
DE PF0127.1 WWTAAGGC ; From JASPAR 2018
PO	A	C	G	T
01	156.0	0.0	0.0	296.0
02	195.0	0.0	0.0	257.0
03	0.0	0.0	0.0	452.0
04	452.0	0.0	0.0	0.0
05	452.0	0.0	0.0	0.0
06	0.0	0.0	452.0	0.0
07	0.0	0.0	452.0	0.0
08	0.0	452.0	0.0	0.0
XX
//
AC PF0128.1
XX
ID RYCACNNRNNRNCAG
XX
DE PF0128.1 RYCACNNRNNRNCAG ; From JASPAR 2018
PO	A	C	G	T
01	76.0	0.0	160.0	0.0
02	0.0	135.0	0.0	101.0
03	0.0	236.0	0.0	0.0
04	236.0	0.0	0.0	0.0
05	0.0	236.0	0.0	0.0
06	78.0	62.0	58.0	38.0
07	78.0	38.0	84.0	36.0
08	78.0	0.0	158.0	0.0
09	92.0	39.0	90.0	15.0
10	46.0	54.0	75.0	61.0
11	105.0	0.0	131.0	0.0
12	48.0	51.0	107.0	30.0
13	0.0	236.0	0.0	0.0
14	236.0	0.0	0.0	0.0
15	0.0	0.0	236.0	0.0
XX
//
AC PF0129.1
XX
ID RRAGTTGT
XX
DE PF0129.1 RRAGTTGT ; From JASPAR 2018
PO	A	C	G	T
01	334.0	0.0	554.0	0.0
02	450.0	0.0	438.0	0.0
03	888.0	0.0	0.0	0.0
04	0.0	0.0	888.0	0.0
05	0.0	0.0	0.0	888.0
06	0.0	0.0	0.0	888.0
07	0.0	0.0	888.0	0.0
08	0.0	0.0	0.0	888.0
XX
//
AC PF0130.1
XX
ID CCCNNGGGAR
XX
DE PF0130.1 CCCNNGGGAR ; From JASPAR 2018
PO	A	C	G	T
01	0.0	1236.0	0.0	0.0
02	0.0	1236.0	0.0	0.0
03	0.0	1236.0	0.0	0.0
04	248.0	471.0	250.0	267.0
05	287.0	213.0	514.0	222.0
06	0.0	0.0	1236.0	0.0
07	0.0	0.0	1236.0	0.0
08	0.0	0.0	1236.0	0.0
09	1236.0	0.0	0.0	0.0
10	483.0	0.0	753.0	0.0
XX
//
AC PF0131.1
XX
ID GATAAGR
XX
DE PF0131.1 GATAAGR ; From JASPAR 2018
PO	A	C	G	T
01	0.0	0.0	936.0	0.0
02	936.0	0.0	0.0	0.0
03	0.0	0.0	0.0	936.0
04	936.0	0.0	0.0	0.0
05	936.0	0.0	0.0	0.0
06	0.0	0.0	936.0	0.0
07	463.0	0.0	473.0	0.0
XX
//
AC PF0132.1
XX
ID TCCATTKW
XX
DE PF0132.1 TCCATTKW ; From JASPAR 2018
PO	A	C	G	T
01	0.0	0.0	0.0	852.0
02	0.0	852.0	0.0	0.0
03	0.0	852.0	0.0	0.0
04	852.0	0.0	0.0	0.0
05	0.0	0.0	0.0	852.0
06	0.0	0.0	0.0	852.0
07	0.0	0.0	348.0	504.0
08	172.0	0.0	0.0	680.0
XX
//
AC PF0133.1
XX
ID RYTAAWNNNTGAY
XX
DE PF0133.1 RYTAAWNNNTGAY ; From JASPAR 2018
PO	A	C	G	T
01	66.0	0.0	102.0	0.0
02	0.0	42.0	0.0	126.0
03	0.0	0.0	0.0	168.0
04	168.0	0.0	0.0	0.0
05	168.0	0.0	0.0	0.0
06	83.0	0.0	0.0	85.0
07	37.0	35.0	53.0	43.0
08	43.0	19.0	48.0	58.0
09	5.0	53.0	39.0	71.0
10	0.0	0.0	0.0	168.0
11	0.0	0.0	168.0	0.0
12	168.0	0.0	0.0	0.0
13	0.0	93.0	0.0	75.0
XX
//
AC PF0134.1
XX
ID CATRRAGC
XX
DE PF0134.1 CATRRAGC ; From JASPAR 2018
PO	A	C	G	T
01	0.0	492.0	0.0	0.0
02	492.0	0.0	0.0	0.0
03	0.0	0.0	0.0	492.0
04	161.0	0.0	331.0	0.0
05	240.0	0.0	252.0	0.0
06	492.0	0.0	0.0	0.0
07	0.0	0.0	492.0	0.0
08	0.0	492.0	0.0	0.0
XX
//
AC PF0135.1
XX
ID AGCYRWTTC
XX
DE PF0135.1 AGCYRWTTC ; From JASPAR 2018
PO	A	C	G	T
01	388.0	0.0	0.0	0.0
02	0.0	0.0	388.0	0.0
03	0.0	388.0	0.0	0.0
04	0.0	213.0	0.0	175.0
05	180.0	0.0	208.0	0.0
06	121.0	0.0	0.0	267.0
07	0.0	0.0	0.0	388.0
08	0.0	0.0	0.0	388.0
09	0.0	388.0	0.0	0.0
XX
//
AC PF0136.1
XX
ID TAAYNRNNTCC
XX
DE PF0136.1 TAAYNRNNTCC ; From JASPAR 2018
PO	A	C	G	T
01	0.0	0.0	0.0	532.0
02	532.0	0.0	0.0	0.0
03	532.0	0.0	0.0	0.0
04	0.0	175.0	0.0	357.0
05	150.0	92.0	83.0	207.0
06	308.0	0.0	224.0	0.0
07	107.0	191.0	120.0	114.0
08	123.0	142.0	84.0	183.0
09	0.0	0.0	0.0	532.0
10	0.0	532.0	0.0	0.0
11	0.0	532.0	0.0	0.0
XX
//
AC PF0137.1
XX
ID GAANYNYGACNY
XX
DE PF0137.1 GAANYNYGACNY ; From JASPAR 2018
PO	A	C	G	T
01	0.0	0.0	216.0	0.0
02	216.0	0.0	0.0	0.0
03	216.0	0.0	0.0	0.0
04	90.0	62.0	33.0	31.0
05	0.0	100.0	0.0	116.0
06	29.0	95.0	38.0	54.0
07	0.0	48.0	0.0	168.0
08	0.0	0.0	216.0	0.0
09	216.0	0.0	0.0	0.0
10	0.0	216.0	0.0	0.0
11	55.0	82.0	27.0	52.0
12	0.0	105.0	0.0	111.0
XX
//
AC PF0138.1
XX
ID MYAATNNNNNNNGGC
XX
DE PF0138.1 MYAATNNNNNNNGGC ; From JASPAR 2018
PO	A	C	G	T
01	168.0	316.0	0.0	0.0
02	0.0	368.0	0.0	116.0
03	484.0	0.0	0.0	0.0
04	484.0	0.0	0.0	0.0
05	0.0	0.0	0.0	484.0
06	88.0	159.0	170.0	67.0
07	135.0	135.0	157.0	57.0
08	53.0	118.0	272.0	41.0
09	164.0	154.0	98.0	68.0
10	99.0	75.0	242.0	68.0
11	85.0	142.0	213.0	44.0
12	134.0	165.0	120.0	65.0
13	0.0	0.0	484.0	0.0
14	0.0	0.0	484.0	0.0
15	0.0	484.0	0.0	0.0
XX
//
AC PF0139.1
XX
ID AAAYWAACM
XX
DE PF0139.1 AAAYWAACM ; From JASPAR 2018
PO	A	C	G	T
01	776.0	0.0	0.0	0.0
02	776.0	0.0	0.0	0.0
03	776.0	0.0	0.0	0.0
04	0.0	415.0	0.0	361.0
05	657.0	0.0	0.0	119.0
06	776.0	0.0	0.0	0.0
07	776.0	0.0	0.0	0.0
08	0.0	776.0	0.0	0.0
09	578.0	198.0	0.0	0.0
XX
//
AC PF0140.1
XX
ID RNGTGGGC
XX
DE PF0140.1 RNGTGGGC ; From JASPAR 2018
PO	A	C	G	T
01	1436.0	0.0	1572.0	0.0
02	752.0	697.0	1117.0	442.0
03	0.0	0.0	3008.0	0.0
04	0.0	0.0	0.0	3008.0
05	0.0	0.0	3008.0	0.0
06	0.0	0.0	3008.0	0.0
07	0.0	0.0	3008.0	0.0
08	0.0	3008.0	0.0	0.0
XX
//
AC PF0141.1
XX
ID TTCNRGNNNNTTC
XX
DE PF0141.1 TTCNRGNNNNTTC ; From JASPAR 2018
PO	A	C	G	T
01	0.0	0.0	0.0	588.0
02	0.0	0.0	0.0	588.0
03	0.0	588.0	0.0	0.0
04	61.0	290.0	7.0	230.0
05	343.0	0.0	245.0	0.0
06	0.0	0.0	588.0	0.0
07	251.0	155.0	99.0	83.0
08	279.0	66.0	76.0	167.0
09	133.0	154.0	157.0	144.0
10	76.0	216.0	116.0	180.0
11	0.0	0.0	0.0	588.0
12	0.0	0.0	0.0	588.0
13	0.0	588.0	0.0	0.0
XX
//
AC PF0142.1
XX
ID ACAWYAAAG
XX
DE PF0142.1 ACAWYAAAG ; From JASPAR 2018
PO	A	C	G	T
01	280.0	0.0	0.0	0.0
02	0.0	280.0	0.0	0.0
03	280.0	0.0	0.0	0.0
04	188.0	0.0	0.0	92.0
05	0.0	184.0	0.0	96.0
06	280.0	0.0	0.0	0.0
07	280.0	0.0	0.0	0.0
08	280.0	0.0	0.0	0.0
09	0.0	0.0	280.0	0.0
XX
//
AC PF0143.1
XX
ID CAGNWMCNNNGAC
XX
DE PF0143.1 CAGNWMCNNNGAC ; From JASPAR 2018
PO	A	C	G	T
01	0.0	280.0	0.0	0.0
02	280.0	0.0	0.0	0.0
03	0.0	0.0	280.0	0.0
04	25.0	217.0	26.0	12.0
05	264.0	0.0	0.0	16.0
06	20.0	260.0	0.0	0.0
07	0.0	280.0	0.0	0.0
08	135.0	31.0	52.0	62.0
09	73.0	95.0	45.0	67.0
10	32.0	1.0	212.0	35.0
11	0.0	0.0	280.0	0.0
12	280.0	0.0	0.0	0.0
13	0.0	280.0	0.0	0.0
XX
//
AC PF0144.1
XX
ID AAANWWTGC
XX
DE PF0144.1 AAANWWTGC ; From JASPAR 2018
PO	A	C	G	T
01	728.0	0.0	0.0	0.0
02	728.0	0.0	0.0	0.0
03	728.0	0.0	0.0	0.0
04	97.0	237.0	260.0	134.0
05	251.0	0.0	0.0	477.0
06	255.0	0.0	0.0	473.0
07	0.0	0.0	0.0	728.0
08	0.0	0.0	728.0	0.0
09	0.0	728.0	0.0	0.0
XX
//
AC PF0145.1
XX
ID YKACATTT
XX
DE PF0145.1 YKACATTT ; From JASPAR 2018
PO	A	C	G	T
01	0.0	312.0	0.0	508.0
02	0.0	0.0	404.0	416.0
03	820.0	0.0	0.0	0.0
04	0.0	820.0	0.0	0.0
05	820.0	0.0	0.0	0.0
06	0.0	0.0	0.0	820.0
07	0.0	0.0	0.0	820.0
08	0.0	0.0	0.0	820.0
XX
//
AC PF0146.1
XX
ID RRCCGTTA
XX
DE PF0146.1 RRCCGTTA ; From JASPAR 2018
PO	A	C	G	T
01	155.0	0.0	289.0	0.0
02	208.0	0.0	236.0	0.0
03	0.0	444.0	0.0	0.0
04	0.0	444.0	0.0	0.0
05	0.0	0.0	444.0	0.0
06	0.0	0.0	0.0	444.0
07	0.0	0.0	0.0	444.0
08	444.0	0.0	0.0	0.0
XX
//
AC PF0147.1
XX
ID YAATNANRNNNCAG
XX
DE PF0147.1 YAATNANRNNNCAG ; From JASPAR 2018
PO	A	C	G	T
01	0.0	113.0	0.0	87.0
02	200.0	0.0	0.0	0.0
03	200.0	0.0	0.0	0.0
04	0.0	0.0	0.0	200.0
05	52.0	86.0	45.0	17.0
06	200.0	0.0	0.0	0.0
07	46.0	42.0	74.0	38.0
08	112.0	0.0	88.0	0.0
09	55.0	52.0	58.0	35.0
10	59.0	36.0	57.0	48.0
11	27.0	67.0	83.0	23.0
12	0.0	200.0	0.0	0.0
13	200.0	0.0	0.0	0.0
14	0.0	0.0	200.0	0.0
XX
//
AC PF0148.1
XX
ID GATGKMRGCG
XX
DE PF0148.1 GATGKMRGCG ; From JASPAR 2018
PO	A	C	G	T
01	0.0	0.0	280.0	0.0
02	280.0	0.0	0.0	0.0
03	0.0	0.0	0.0	280.0
04	0.0	0.0	280.0	0.0
05	0.0	0.0	259.0	21.0
06	51.0	229.0	0.0	0.0
07	55.0	0.0	225.0	0.0
08	0.0	0.0	280.0	0.0
09	0.0	280.0	0.0	0.0
10	0.0	0.0	280.0	0.0
XX
//
AC PF0149.1
XX
ID YGACNNYACAR
XX
DE PF0149.1 YGACNNYACAR ; From JASPAR 2018
PO	A	C	G	T
01	0.0	22.0	0.0	314.0
02	0.0	0.0	336.0	0.0
03	336.0	0.0	0.0	0.0
04	0.0	336.0	0.0	0.0
05	116.0	75.0	108.0	37.0
06	40.0	33.0	16.0	247.0
07	0.0	301.0	0.0	35.0
08	336.0	0.0	0.0	0.0
09	0.0	336.0	0.0	0.0
10	336.0	0.0	0.0	0.0
11	163.0	0.0	173.0	0.0
XX
//
AC PF0150.1
XX
ID YTTCCNNNGGAMR
XX
DE PF0150.1 YTTCCNNNGGAMR ; From JASPAR 2018
PO	A	C	G	T
01	0.0	209.0	0.0	183.0
02	0.0	0.0	0.0	392.0
03	0.0	0.0	0.0	392.0
04	0.0	392.0	0.0	0.0
05	0.0	392.0	0.0	0.0
06	70.0	46.0	108.0	168.0
07	44.0	148.0	159.0	41.0
08	172.0	92.0	70.0	58.0
09	0.0	0.0	392.0	0.0
10	0.0	0.0	392.0	0.0
11	392.0	0.0	0.0	0.0
12	328.0	64.0	0.0	0.0
13	199.0	0.0	193.0	0.0
XX
//
AC PF0151.1
XX
ID RYAAAKNNNNNNTTGW
XX
DE PF0151.1 RYAAAKNNNNNNTTGW ; From JASPAR 2018
PO	A	C	G	T
01	171.0	0.0	69.0	0.0
02	0.0	153.0	0.0	87.0
03	240.0	0.0	0.0	0.0
04	240.0	0.0	0.0	0.0
05	240.0	0.0	0.0	0.0
06	0.0	0.0	142.0	98.0
07	89.0	38.0	67.0	46.0
08	40.0	50.0	66.0	84.0
09	32.0	74.0	63.0	71.0
10	29.0	77.0	38.0	96.0
11	48.0	115.0	28.0	49.0
12	82.0	53.0	34.0	71.0
13	0.0	0.0	0.0	240.0
14	0.0	0.0	0.0	240.0
15	0.0	0.0	240.0	0.0
16	100.0	0.0	0.0	140.0
XX
//
AC PF0152.1
XX
ID WCAANNNYCAG
XX
DE PF0152.1 WCAANNNYCAG ; From JASPAR 2018
PO	A	C	G	T
01	651.0	0.0	0.0	249.0
02	0.0	900.0	0.0	0.0
03	900.0	0.0	0.0	0.0
04	900.0	0.0	0.0	0.0
05	312.0	279.0	157.0	152.0
06	143.0	98.0	179.0	480.0
07	89.0	554.0	105.0	152.0
08	0.0	691.0	0.0	209.0
09	0.0	900.0	0.0	0.0
10	900.0	0.0	0.0	0.0
11	0.0	0.0	900.0	0.0
XX
//
AC PF0153.1
XX
ID CTGRYYYNATT
XX
DE PF0153.1 CTGRYYYNATT ; From JASPAR 2018
PO	A	C	G	T
01	0.0	184.0	0.0	0.0
02	0.0	0.0	0.0	184.0
03	0.0	0.0	184.0	0.0
04	114.0	0.0	70.0	0.0
05	0.0	94.0	0.0	90.0
06	0.0	107.0	0.0	77.0
07	0.0	48.0	0.0	136.0
08	45.0	67.0	35.0	37.0
09	184.0	0.0	0.0	0.0
10	0.0	0.0	0.0	184.0
11	0.0	0.0	0.0	184.0
XX
//
AC PF0154.1
XX
ID RNCTGNYNRNCTGNY
XX
DE PF0154.1 RNCTGNYNRNCTGNY ; From JASPAR 2018
PO	A	C	G	T
01	99.0	0.0	137.0	0.0
02	23.0	70.0	94.0	49.0
03	0.0	236.0	0.0	0.0
04	0.0	0.0	0.0	236.0
05	0.0	0.0	236.0	0.0
06	40.0	80.0	26.0	90.0
07	0.0	149.0	0.0	87.0
08	55.0	37.0	52.0	92.0
09	71.0	0.0	165.0	0.0
10	37.0	77.0	67.0	55.0
11	0.0	236.0	0.0	0.0
12	0.0	0.0	0.0	236.0
13	0.0	0.0	236.0	0.0
14	28.0	72.0	82.0	54.0
15	0.0	160.0	0.0	76.0
XX
//
AC PF0155.1
XX
ID WGTTNNNNNAAA
XX
DE PF0155.1 WGTTNNNNNAAA ; From JASPAR 2018
PO	A	C	G	T
01	843.0	0.0	0.0	737.0
02	0.0	0.0	1580.0	0.0
03	0.0	0.0	0.0	1580.0
04	0.0	0.0	0.0	1580.0
05	265.0	283.0	359.0	673.0
06	423.0	369.0	361.0	427.0
07	410.0	371.0	254.0	545.0
08	489.0	189.0	460.0	442.0
09	463.0	334.0	406.0	377.0
10	1580.0	0.0	0.0	0.0
11	1580.0	0.0	0.0	0.0
12	1580.0	0.0	0.0	0.0
XX
//
AC PF0156.1
XX
ID YRCCAKNNGNCGC
XX
DE PF0156.1 YRCCAKNNGNCGC ; From JASPAR 2018
PO	A	C	G	T
01	0.0	253.0	0.0	39.0
02	117.0	0.0	175.0	0.0
03	0.0	292.0	0.0	0.0
04	0.0	292.0	0.0	0.0
05	292.0	0.0	0.0	0.0
06	0.0	0.0	243.0	49.0
07	39.0	68.0	169.0	16.0
08	4.0	47.0	138.0	103.0
09	0.0	0.0	292.0	0.0
10	28.0	95.0	152.0	17.0
11	0.0	292.0	0.0	0.0
12	0.0	0.0	292.0	0.0
13	0.0	292.0	0.0	0.0
XX
//
AC PF0157.1
XX
ID KCCGNSWTTT
XX
DE PF0157.1 KCCGNSWTTT ; From JASPAR 2018
PO	A	C	G	T
01	0.0	0.0	371.0	197.0
02	0.0	568.0	0.0	0.0
03	0.0	568.0	0.0	0.0
04	0.0	0.0	568.0	0.0
05	31.0	341.0	147.0	49.0
06	0.0	416.0	152.0	0.0
07	381.0	0.0	0.0	187.0
08	0.0	0.0	0.0	568.0
09	0.0	0.0	0.0	568.0
10	0.0	0.0	0.0	568.0
XX
//
AC PF0158.1
XX
ID CCCNNNNNNAAGWT
XX
DE PF0158.1 CCCNNNNNNAAGWT ; From JASPAR 2018
PO	A	C	G	T
01	0.0	480.0	0.0	0.0
02	0.0	480.0	0.0	0.0
03	0.0	480.0	0.0	0.0
04	149.0	79.0	104.0	148.0
05	104.0	169.0	123.0	84.0
06	172.0	125.0	72.0	111.0
07	108.0	121.0	99.0	152.0
08	64.0	220.0	96.0	100.0
09	157.0	202.0	65.0	56.0
10	480.0	0.0	0.0	0.0
11	480.0	0.0	0.0	0.0
12	0.0	0.0	480.0	0.0
13	320.0	0.0	0.0	160.0
14	0.0	0.0	0.0	480.0
XX
//
AC PF0159.1
XX
ID GGCKCATGS
XX
DE PF0159.1 GGCKCATGS ; From JASPAR 2018
PO	A	C	G	T
01	0.0	0.0	288.0	0.0
02	0.0	0.0	288.0	0.0
03	0.0	288.0	0.0	0.0
04	0.0	0.0	256.0	32.0
05	0.0	288.0	0.0	0.0
06	288.0	0.0	0.0	0.0
07	0.0	0.0	0.0	288.0
08	0.0	0.0	288.0	0.0
09	0.0	241.0	47.0	0.0
XX
//
AC PF0160.1
XX
ID CAGNYGKNAAA
XX
DE PF0160.1 CAGNYGKNAAA ; From JASPAR 2018
PO	A	C	G	T
01	0.0	228.0	0.0	0.0
02	228.0	0.0	0.0	0.0
03	0.0	0.0	228.0	0.0
04	52.0	127.0	30.0	19.0
05	0.0	35.0	0.0	193.0
06	0.0	0.0	228.0	0.0
07	0.0	0.0	122.0	106.0
08	37.0	90.0	76.0	25.0
09	228.0	0.0	0.0	0.0
10	228.0	0.0	0.0	0.0
11	228.0	0.0	0.0	0.0
XX
//
AC PF0161.1
XX
ID TTANWNANTGGM
XX
DE PF0161.1 TTANWNANTGGM ; From JASPAR 2018
PO	A	C	G	T
01	0.0	0.0	0.0	192.0
02	0.0	0.0	0.0	192.0
03	192.0	0.0	0.0	0.0
04	80.0	40.0	32.0	40.0
05	68.0	0.0	0.0	124.0
06	63.0	28.0	18.0	83.0
07	192.0	0.0	0.0	0.0
08	92.0	41.0	25.0	34.0
09	0.0	0.0	0.0	192.0
10	0.0	0.0	192.0	0.0
11	0.0	0.0	192.0	0.0
12	95.0	97.0	0.0	0.0
XX
//
AC PF0162.1
XX
ID TAANNYSGCG
XX
DE PF0162.1 TAANNYSGCG ; From JASPAR 2018
PO	A	C	G	T
01	0.0	0.0	0.0	420.0
02	420.0	0.0	0.0	0.0
03	420.0	0.0	0.0	0.0
04	80.0	154.0	110.0	76.0
05	244.0	66.0	54.0	56.0
06	0.0	134.0	0.0	286.0
07	0.0	108.0	312.0	0.0
08	0.0	0.0	420.0	0.0
09	0.0	420.0	0.0	0.0
10	0.0	0.0	420.0	0.0
XX
//
AC PF0163.1
XX
ID GGARNTKYCCA
XX
DE PF0163.1 GGARNTKYCCA ; From JASPAR 2018
PO	A	C	G	T
01	0.0	0.0	244.0	0.0
02	0.0	0.0	244.0	0.0
03	244.0	0.0	0.0	0.0
04	116.0	0.0	128.0	0.0
05	74.0	81.0	41.0	48.0
06	0.0	0.0	0.0	244.0
07	0.0	0.0	94.0	150.0
08	0.0	96.0	0.0	148.0
09	0.0	244.0	0.0	0.0
10	0.0	244.0	0.0	0.0
11	244.0	0.0	0.0	0.0
XX
//
AC PF0164.1
XX
ID GCGSCMNTTT
XX
DE PF0164.1 GCGSCMNTTT ; From JASPAR 2018
PO	A	C	G	T
01	0.0	0.0	312.0	0.0
02	0.0	312.0	0.0	0.0
03	0.0	0.0	312.0	0.0
04	0.0	212.0	100.0	0.0
05	0.0	312.0	0.0	0.0
06	234.0	78.0	0.0	0.0
07	83.0	32.0	22.0	175.0
08	0.0	0.0	0.0	312.0
09	0.0	0.0	0.0	312.0
10	0.0	0.0	0.0	312.0
XX
//
AC PF0165.1
XX
ID CCAWNWWNNNGGC
XX
DE PF0165.1 CCAWNWWNNNGGC ; From JASPAR 2018
PO	A	C	G	T
01	0.0	328.0	0.0	0.0
02	0.0	328.0	0.0	0.0
03	328.0	0.0	0.0	0.0
04	200.0	0.0	0.0	128.0
05	40.0	89.0	111.0	88.0
06	192.0	0.0	0.0	136.0
07	86.0	0.0	0.0	242.0
08	81.0	63.0	159.0	25.0
09	45.0	60.0	177.0	46.0
10	89.0	140.0	51.0	48.0
11	0.0	0.0	328.0	0.0
12	0.0	0.0	328.0	0.0
13	0.0	328.0	0.0	0.0
XX
//
AC PF0166.1
XX
ID YNTTTNNNANGCARM
XX
DE PF0166.1 YNTTTNNNANGCARM ; From JASPAR 2018
PO	A	C	G	T
01	0.0	100.0	0.0	92.0
02	28.0	70.0	37.0	57.0
03	0.0	0.0	0.0	192.0
04	0.0	0.0	0.0	192.0
05	0.0	0.0	0.0	192.0
06	50.0	47.0	31.0	64.0
07	97.0	47.0	21.0	27.0
08	90.0	26.0	40.0	36.0
09	192.0	0.0	0.0	0.0
10	50.0	12.0	52.0	78.0
11	0.0	0.0	192.0	0.0
12	0.0	192.0	0.0	0.0
13	192.0	0.0	0.0	0.0
14	74.0	0.0	118.0	0.0
15	163.0	29.0	0.0	0.0
XX
//
AC PF0167.1
XX
ID CCTNTMAGA
XX
DE PF0167.1 CCTNTMAGA ; From JASPAR 2018
PO	A	C	G	T
01	0.0	528.0	0.0	0.0
02	0.0	528.0	0.0	0.0
03	0.0	0.0	0.0	528.0
04	23.0	59.0	98.0	348.0
05	0.0	0.0	0.0	528.0
06	383.0	145.0	0.0	0.0
07	528.0	0.0	0.0	0.0
08	0.0	0.0	528.0	0.0
09	528.0	0.0	0.0	0.0
XX
//
AC PF0168.1
XX
ID YTAAYNGCT
XX
DE PF0168.1 YTAAYNGCT ; From JASPAR 2018
PO	A	C	G	T
01	0.0	185.0	0.0	203.0
02	0.0	0.0	0.0	388.0
03	388.0	0.0	0.0	0.0
04	388.0	0.0	0.0	0.0
05	0.0	164.0	0.0	224.0
06	124.0	13.0	134.0	117.0
07	0.0	0.0	388.0	0.0
08	0.0	388.0	0.0	0.0
09	0.0	0.0	0.0	388.0
XX
//
AC PF0169.1
XX
ID TTTNNANAGCYR
XX
DE PF0169.1 TTTNNANAGCYR ; From JASPAR 2018
PO	A	C	G	T
01	0.0	0.0	0.0	456.0
02	0.0	0.0	0.0	456.0
03	0.0	0.0	0.0	456.0
04	41.0	32.0	37.0	346.0
05	126.0	224.0	51.0	55.0
06	456.0	0.0	0.0	0.0
07	106.0	56.0	260.0	34.0
08	456.0	0.0	0.0	0.0
09	0.0	0.0	456.0	0.0
10	0.0	456.0	0.0	0.0
11	0.0	328.0	0.0	128.0
12	322.0	0.0	134.0	0.0
XX
//
AC PF0170.1
XX
ID YNGTTNNNATT
XX
DE PF0170.1 YNGTTNNNATT ; From JASPAR 2018
PO	A	C	G	T
01	0.0	458.0	0.0	462.0
02	260.0	103.0	151.0	406.0
03	0.0	0.0	920.0	0.0
04	0.0	0.0	0.0	920.0
05	0.0	0.0	0.0	920.0
06	119.0	144.0	212.0	445.0
07	152.0	188.0	213.0	367.0
08	315.0	229.0	192.0	184.0
09	920.0	0.0	0.0	0.0
10	0.0	0.0	0.0	920.0
11	0.0	0.0	0.0	920.0
XX
//
AC PF0171.1
XX
ID CTCNANGTGNY
XX
DE PF0171.1 CTCNANGTGNY ; From JASPAR 2018
PO	A	C	G	T
01	0.0	368.0	0.0	0.0
02	0.0	0.0	0.0	368.0
03	0.0	368.0	0.0	0.0
04	43.0	268.0	20.0	37.0
05	368.0	0.0	0.0	0.0
06	69.0	125.0	118.0	56.0
07	0.0	0.0	368.0	0.0
08	0.0	0.0	0.0	368.0
09	0.0	0.0	368.0	0.0
10	75.0	115.0	111.0	67.0
11	0.0	252.0	0.0	116.0
XX
//
AC PF0172.1
XX
ID TTGCWCAAY
XX
DE PF0172.1 TTGCWCAAY ; From JASPAR 2018
PO	A	C	G	T
01	0.0	0.0	0.0	148.0
02	0.0	0.0	0.0	148.0
03	0.0	0.0	148.0	0.0
04	0.0	148.0	0.0	0.0
05	79.0	0.0	0.0	69.0
06	0.0	148.0	0.0	0.0
07	148.0	0.0	0.0	0.0
08	148.0	0.0	0.0	0.0
09	0.0	73.0	0.0	75.0
XX
//
AC PF0173.1
XX
ID YWATTWNNRGCT
XX
DE PF0173.1 YWATTWNNRGCT ; From JASPAR 2018
PO	A	C	G	T
01	0.0	88.0	0.0	132.0
02	80.0	0.0	0.0	140.0
03	220.0	0.0	0.0	0.0
04	0.0	0.0	0.0	220.0
05	0.0	0.0	0.0	220.0
06	94.0	0.0	0.0	126.0
07	53.0	43.0	55.0	69.0
08	60.0	48.0	21.0	91.0
09	134.0	0.0	86.0	0.0
10	0.0	0.0	220.0	0.0
11	0.0	220.0	0.0	0.0
12	0.0	0.0	0.0	220.0
XX
//
AC PF0174.1
XX
ID WTGAAAT
XX
DE PF0174.1 WTGAAAT ; From JASPAR 2018
PO	A	C	G	T
01	780.0	0.0	0.0	920.0
02	0.0	0.0	0.0	1700.0
03	0.0	0.0	1700.0	0.0
04	1700.0	0.0	0.0	0.0
05	1700.0	0.0	0.0	0.0
06	1700.0	0.0	0.0	0.0
07	0.0	0.0	0.0	1700.0
XX
//
