AC POL001.1
XX
ID MTE
XX
DE POL001.1 MTE ; From JASPAR 2018
PO	A	C	G	T
01	1.0	2.0	2.0	4.0
02	1.0	3.0	0.0	5.0
03	1.0	2.0	1.0	5.0
04	0.0	9.0	0.0	0.0
05	2.0	0.0	7.0	0.0
06	9.0	0.0	0.0	0.0
07	4.0	0.0	5.0	0.0
08	0.0	9.0	0.0	0.0
09	0.0	4.0	5.0	0.0
10	2.0	3.0	4.0	0.0
11	9.0	0.0	0.0	0.0
12	4.0	0.0	4.0	1.0
13	0.0	9.0	0.0	0.0
14	0.0	0.0	9.0	0.0
15	0.0	2.0	7.0	0.0
16	4.0	0.0	0.0	5.0
17	2.0	4.0	0.0	3.0
18	1.0	3.0	5.0	0.0
19	1.0	3.0	2.0	3.0
XX
//
AC POL002.1
XX
ID INR
XX
DE POL002.1 INR ; From JASPAR 2018
PO	A	C	G	T
01	49.0	48.0	69.0	137.0
02	0.0	303.0	0.0	0.0
03	288.0	0.0	0.0	15.0
04	26.0	81.0	116.0	80.0
05	77.0	95.0	0.0	131.0
06	67.0	118.0	46.0	72.0
07	45.0	85.0	73.0	100.0
08	50.0	96.0	56.0	101.0
XX
//
AC POL003.1
XX
ID GC-box
XX
DE POL003.1 GC-box ; From JASPAR 2018
PO	A	C	G	T
01	102.0	40.0	50.0	82.0
02	97.0	31.0	112.0	34.0
03	50.0	6.0	154.0	64.0
04	67.0	1.0	206.0	0.0
05	0.0	0.0	274.0	0.0
06	2.0	0.0	272.0	0.0
07	54.0	170.0	0.0	50.0
08	46.0	1.0	224.0	3.0
09	1.0	3.0	222.0	48.0
10	79.0	0.0	171.0	24.0
11	23.0	17.0	192.0	42.0
12	0.0	166.0	35.0	73.0
13	20.0	86.0	52.0	116.0
14	40.0	24.0	109.0	101.0
XX
//
AC POL004.1
XX
ID CCAAT-box
XX
DE POL004.1 CCAAT-box ; From JASPAR 2018
PO	A	C	G	T
01	56.0	55.0	12.0	52.0
02	32.0	52.0	43.0	48.0
03	25.0	47.0	24.0	79.0
04	102.0	1.0	70.0	2.0
05	51.0	6.0	99.0	19.0
06	0.0	173.0	1.0	1.0
07	0.0	174.0	0.0	1.0
08	175.0	0.0	0.0	0.0
09	119.0	8.0	21.0	27.0
10	17.0	0.0	15.0	143.0
11	23.0	90.0	59.0	3.0
12	116.0	6.0	52.0	1.0
XX
//
AC POL005.1
XX
ID DPE
XX
DE POL005.1 DPE ; From JASPAR 2018
PO	A	C	G	T
01	24.0	18.0	30.0	10.0
02	36.0	21.0	6.0	19.0
03	41.0	3.0	28.0	10.0
04	2.0	30.0	47.0	3.0
05	43.0	2.0	1.0	36.0
06	7.0	30.0	4.0	41.0
07	16.0	31.0	35.0	0.0
08	15.0	21.0	11.0	35.0
09	19.0	22.0	17.0	24.0
XX
//
AC POL006.1
XX
ID BREu
XX
DE POL006.1 BREu ; From JASPAR 2018
PO	A	C	G	T
01	12.0	7.0	2.0	1.0
02	3.0	8.0	11.0	0.0
03	1.0	14.0	7.0	0.0
04	6.0	4.0	12.0	0.0
05	4.0	15.0	2.0	1.0
06	0.0	0.0	22.0	0.0
07	0.0	20.0	1.0	1.0
08	1.0	18.0	1.0	2.0
XX
//
AC POL007.1
XX
ID BREd
XX
DE POL007.1 BREd ; From JASPAR 2018
PO	A	C	G	T
01	10.0	4.0	19.0	8.0
02	5.0	8.0	8.0	20.0
03	10.0	6.0	11.0	14.0
04	3.0	6.0	15.0	17.0
05	4.0	8.0	15.0	14.0
06	2.0	6.0	13.0	20.0
07	6.0	9.0	10.0	16.0
XX
//
AC POL008.1
XX
ID DCE_S_I
XX
DE POL008.1 DCE_S_I ; From JASPAR 2018
PO	A	C	G	T
01	18.0	19.0	46.0	25.0
02	4.0	93.0	6.0	5.0
03	3.0	12.0	8.0	85.0
04	4.0	12.0	20.0	72.0
05	2.0	93.0	7.0	6.0
06	22.0	34.0	27.0	25.0
XX
//
AC POL009.1
XX
ID DCE_S_II
XX
DE POL009.1 DCE_S_II ; From JASPAR 2018
PO	A	C	G	T
01	16.0	34.0	43.0	15.0
02	3.0	100.0	3.0	2.0
03	6.0	5.0	13.0	84.0
04	2.0	11.0	90.0	5.0
05	14.0	21.0	13.0	60.0
06	16.0	28.0	45.0	19.0
XX
//
AC POL010.1
XX
ID DCE_S_III
XX
DE POL010.1 DCE_S_III ; From JASPAR 2018
PO	A	C	G	T
01	17.0	43.0	35.0	13.0
02	108.0	0.0	0.0	0.0
03	0.0	0.0	108.0	0.0
04	0.0	108.0	0.0	0.0
05	20.0	36.0	29.0	23.0
XX
//
AC POL011.1
XX
ID XCPE1
XX
DE POL011.1 XCPE1 ; From JASPAR 2018
PO	A	C	G	T
01	0.0	0.0	21.0	0.0
02	0.0	6.0	15.0	0.0
03	0.0	0.0	21.0	0.0
04	0.0	19.0	0.0	2.0
05	0.0	0.0	21.0	0.0
06	0.0	0.0	21.0	0.0
07	3.0	0.0	18.0	0.0
08	21.0	0.0	0.0	0.0
09	0.0	14.0	7.0	0.0
10	2.0	19.0	0.0	0.0
XX
//
AC POL012.1
XX
ID TATA-Box
XX
DE POL012.1 TATA-Box ; From JASPAR 2018
PO	A	C	G	T
01	61.0	145.0	152.0	31.0
02	16.0	46.0	18.0	309.0
03	352.0	0.0	2.0	35.0
04	3.0	10.0	2.0	374.0
05	354.0	0.0	5.0	30.0
06	268.0	0.0	0.0	121.0
07	360.0	3.0	10.0	6.0
08	222.0	2.0	44.0	121.0
09	155.0	44.0	157.0	33.0
10	56.0	135.0	150.0	48.0
11	83.0	147.0	128.0	31.0
12	82.0	127.0	128.0	52.0
13	82.0	118.0	128.0	61.0
14	68.0	107.0	139.0	75.0
15	77.0	101.0	140.0	71.0
XX
//
AC POL013.1
XX
ID MED-1
XX
DE POL013.1 MED-1 ; From JASPAR 2018
PO	A	C	G	T
01	0.0	0.0	14.0	0.0
02	0.0	14.0	0.0	0.0
03	0.0	0.0	0.0	14.0
04	0.0	14.0	0.0	0.0
05	0.0	14.0	0.0	0.0
06	0.0	5.0	9.0	0.0
XX
//
