>SA0001.1	at_AC_acceptor
A  [ 10561   9690   8978   8163   7470   6736   6218   6281   7189   7841   8272   6225   6463  17046   4235  70794      0  18462  17439  18839 ]
C  [ 18956  18907  19614  19447  19246  19301  18138  19520  20437  22549  23287  23815  20443  19025  44803      0      0  10023  13338  16237 ]
G  [  9777   9552   9076   8685   8295   7454   7277   7669   8063   7381   6449   4550   4464  14183    144      0  70794  34299  13564  16353 ]
T  [ 31500  32645  33126  34499  35783  37303  39161  37324  35105  33023  32786  36204  39424  20540  21612      0      0   8010  26453  19365 ]
>SA0002.1	at_AC_acceptor
A  [    79     81     68     79     72     51     44     52     48     75     67     52     53    131     20    548      0    159    149    150 ]
C  [   136    140    138    154    139    148    128    145    152    183    184    186    145    132    353      0      0     61    101    118 ]
G  [    72     84     68     70     64     57     57     60     66     64     44     37     32    114      3      0    548    283     91    125 ]
T  [   261    243    274    245    273    292    319    291    282    226    253    273    318    171    172      0      0     45    207    155 ]
>SA0003.1	at_AC_acceptor
A  [     4      2      9     11     18     27     14     15     11     12     14     14      4      9      6     59      0     13      3     17 ]
C  [    27     29     16     10     10     12     24     20     18     18     12     24     17     14     30      0     59     19     11      6 ]
G  [     4      3      1      3      8      3      2      6     12      5     10      6      8     10      0      0      0     12      9     10 ]
T  [    24     25     33     35     23     17     19     18     18     24     23     15     30     26     23      0      0     15     36     26 ]
>SD0001.1	at_AC_acceptor
A  [ 24656  45676   7429      0      0  44389  49240   6493  13000  21905  16521 ]
C  [ 24718   7302   2001      0      0   1772   5118   3882  10055  13156  16887 ]
G  [ 12917   7650  56278  70794      0  22535   7841  54594  12888  19652  15941 ]
T  [  8503  10166   5086      0  70794   2098   8595   5825  34851  16081  21445 ]
>SD0002.1	at_AC_acceptor
A  [   223    461     15      0      0    504    449      9     39    187    108 ]
C  [   197     17      1      0    548     11     16      9     41     74    137 ]
G  [    95     20    524    548      0     23     48    525     43    196    119 ]
T  [    33     50      8      0      0     10     35      5    425     91    184 ]
>SD0003.1	at_AC_acceptor
A  [    20     26     15     59      0     56      7      0      1      7      1 ]
C  [    13     11     14      0      0      0      1     49     49      2      4 ]
G  [    12      7     23      0      0      3      1      9      0      1      2 ]
T  [    14     15      7      0     59      0     50      1      9     49     52 ]
