>PH0001.1	Alx3
A  [    30     37     41     53      4      0     99     99      0      0     91     47      8      7     24     43     26 ]
C  [     3     20     18     15     48      8      1      0      1      0      0      1     44     15     27     19     25 ]
G  [    13     24     16     23      1      0      0      1      0      1      8     48      5     10     34     14     29 ]
T  [    54     19     25      8     47     91      0      0     99     99      0      4     42     68     15     24     20 ]
>PH0002.1	Alx4
A  [    16     10     19     40      2      1     99     98      1      0     92     62     17     29     36     23     12 ]
C  [    59     24     44     15     34      8      1      0      1      1      0      1     23     28     23     29     43 ]
G  [    15     56     16     29      1      0      1      1      0      1      8     34     18     13     19     25     21 ]
T  [    11     10     21     16     62     92      0      1     98     99      1      2     42     30     22     23     24 ]
>PH0003.1	Arx
A  [    24     13     16     22     50      1      1     98     99      1      1     86     60     16     18      9     53 ]
C  [    22     16     37     56      6     38     13      0      0      1      0      0      1     16     11     36     10 ]
G  [    40     19     29     13     38      1      0      0      1      0      0     13     38     14     44     37      7 ]
T  [    14     52     19     10      7     60     86      1      1     99     98      1      1     54     27     18     30 ]
>PH0004.1	Nkx3-2
A  [    30     36     23     56     51      5      0     95      4      0      0     93     64     27     31     55     19 ]
C  [    35     23     14     16     13     68     90      0     96      1      5      1      4     34     25     19     33 ]
G  [    24      7     14     20     11     26      0      0      0      0      0      0     15     28     24     12     17 ]
T  [    11     34     49      8     25      1     10      5      0     99     95      6     18     11     20     14     31 ]
>PH0005.1	Barhl1
A  [    47     61     28     75     72      8      1     95     89      0      1     98     55     12     27     22 ]
C  [    21     12     42      7      2     61     76      1      1      0      1      0      3     19     18     42 ]
G  [    14     14     13     14     22     18      0      3      0      0      0      0     33     33     23     14 ]
T  [    18     13     17      5      3     13     23      1     10     99     99      2      9     36     32     22 ]
>PH0006.1	Barhl2
A  [    46     57     51     78     91     19      0     95     96      0      0     99     73     10     39     32 ]
C  [    22     18     30      4      2     44     94      0      1      0      0      0      2     33     21     27 ]
G  [    12      8      5     13      7     17      0      4      0      0      0      0     14     35     15     12 ]
T  [    19     16     14      5      1     20      6      1      3     99     99      1     11     22     25     28 ]
>PH0007.1	Barx1
A  [    50     49     53     18      1     93     98      0      0     53      6      3     25     38     56     31 ]
C  [    26     24      6     30     46      5      1      0      2      0     39     39     21     23      8     14 ]
G  [     9     12     39     44      0      2      0      1      5     46     40      6     30     16     15      8 ]
T  [    14     16      3      8     53      0      0     98     93      1     15     53     25     23     21     46 ]
>PH0008.1	Barx2
A  [    19     51     63     11      1     96     98      1      1     72     27      2     10     34     18     38 ]
C  [    15     17     11     20     27      3      1      0      0      0     23     23     10     10     20     11 ]
G  [    15     12     23     39      0      0      0      1      3     27     35     11     38     32     11     33 ]
T  [    51     20      2     31     72      1      1     98     96      1     15     63     42     24     52     17 ]
>PH0009.1	Bsx
A  [    30     42     28     21      1     92     98      0      0     54     20     16     14     21     75     29 ]
C  [    36     27      7     13     45      5      1      0      2      0     32     50     19     37      5     12 ]
G  [    28     25     50     45      0      2      0      1      5     45     28      7     18     31     13     32 ]
T  [     6      7     16     22     54      0      0     98     92      1     20     28     49     11      7     27 ]
>PH0010.1	Alx1_1
A  [    19      7     38     43      5      1     98     98      1      0     92     53     15     23     39     24     15 ]
C  [    44     21     33      9     40      7      0      0      1      1      0      2     21     32     31     29     40 ]
G  [    17     65     14     31      2      0      1      1      0      0      7     40     11     16     12     23     14 ]
T  [    20      7     15     17     53     92      0      1     98     98      1      5     53     29     17     24     31 ]
>PH0011.1	Alx1_2
A  [    17     33     29     32      2      1     98     98      1      0     95     74     16     17     24     26     27 ]
C  [    41     21     46     20     24      4      0      0      1      1      0      1     22     23     20     21     34 ]
G  [    20     35     10     26      1      0      1      1      0      0      4     24     20     19     32     29     21 ]
T  [    22     10     14     21     74     95      0      1     98     98      1      2     43     40     23     25     18 ]
>PH0012.1	Cdx1
A  [    29     39     40     14     13      1     49     82      1     74     92     94     64     16     14     36 ]
C  [    15     10     25      6      3     28     47      0      0      1      0      1     11     23     11     21 ]
G  [    18     31     24     73     83      0      0     17      0      0      0      0      5     17     26     10 ]
T  [    38     20     11      7      1     71      4      0     99     25      8      5     19     43     49     33 ]
>PH0013.1	Cdx2
A  [    31     36     30     19     17      0     58     97      1     88     95     94     57     17     14     22 ]
C  [    15     18     30      6      3     46     40      0      0      0      0      1     15     26     11     30 ]
G  [    25     33     30     66     79      0      0      3      0      0      0      0      5     12     26     13 ]
T  [    29     14     10      9      0     53      2      0     99     12      5      5     23     44     49     35 ]
>PH0014.1	Cphx
A  [    34      3      4     98      4     10     22     54     95      1      0     95     61     36 ]
C  [    18      0      2      1      0     37     28     34      3      1     97      1     14     21 ]
G  [    26      0     93      1      6     29     35      8      1      0      0      1     15     10 ]
T  [    22     96      1      1     90     24     15      4      1     99      2      3     10     33 ]
>PH0015.1	Crx
A  [     9     10     33     26      9      9      4      0     96      0      2     98     37      9     10     19 ]
C  [    47     22     10     12     11     27      0      0      4      0      0      0      3     68     52     16 ]
G  [    13     38     14     17     73     60     95     99      0      0      0      0     40     10     23     25 ]
T  [    31     31     44     45      7      5      0      0      0     99     98      2     20     12     14     40 ]
>PH0016.1	Cux1_1
A  [    59     11     16     23     29     13      8     29     96      2      6     80     31     13     35     13     41 ]
C  [     6     54     51     15     19     16      7      1      1      1     61      6     35     48      8     29     10 ]
G  [    27     22     12     52     42      9      1     67      2      1      2      1     11     30     15     31     30 ]
T  [     7     14     21      9     11     62     83      2      1     97     32     14     23     10     41     28     19 ]
>PH0017.1	Cux1_2
A  [    23     51     42      3     14     87      4     34     94      5     14     69     26     15     49 ]
C  [     8     19     14     18      5      5      1      6      1      3     66      9     41      7     13 ]
G  [    21     17     32      9     66      3      1     51      1      5      5     18     15     12     19 ]
T  [    47     13     12     69     14      5     94     10      4     87     14      3     18     66     19 ]
>PH0018.1	Dbx1
A  [    19     61     46     23     24     62     74     11     13     73     54     20     59     50     28     30     40 ]
C  [    23      7      6     13     23     14      3     10     11      3     10     15      7     16     11     19     14 ]
G  [    16      5     31     10      7      8      5      7      4      9      5     10     17     22     14     19     29 ]
T  [    42     27     18     55     46     16     18     72     72     15     31     56     17     12     47     33     17 ]
>PH0019.1	Dbx2
A  [    14     24     22     44     70     18      6     93     95      3      3     73     44      4     27     28 ]
C  [    27      9     24     29      7     12     12      1      1      0      2      1     11      9     16     35 ]
G  [    27     32     20      4      8     10      0      2      2      1     29     15     20     28     14     17 ]
T  [    33     35     33     22     15     61     82      4      2     96     67     11     24     59     43     20 ]
>PH0020.1	Dlx1
A  [    16     13     17     45     35     29      1     99     99      1      0     94     41      8 ]
C  [    29     24     11     24      7     14     12      1      0      0      1      0     19     36 ]
G  [    27     13     61     21     40     37      0      1      0      0      1      5     20     12 ]
T  [    27     50     11     10     18     20     87      0      1     99     98      1     20     45 ]
>PH0021.1	Dlx2
A  [    33     27     31     49      1     97     98      1      1     69      8     30     18     25     62     17 ]
C  [    29     24      8      9     29      1      0      0      1      0     37     31     32     44     11     19 ]
G  [    34     38     31     31      0      1      0      0      1     29     28      8      8     12     15     45 ]
T  [     4     11     30     11     69      1      1     98     97      1     27     31     42     19     12     19 ]
>PH0022.1	Dlx3
A  [    16     32     27     27     29     61      0     98     99      0      1     75      7     35     18     37     28 ]
C  [    22     43     20     42     12      4      3      0      0      0      0      0     57     49     30     20     38 ]
G  [    30     12     37     25     30     23      0      0      0      0      1     25     12      5     37     13     13 ]
T  [    32     14     15      7     30     13     96      1      0     99     98      1     23     11     15     30     20 ]
>PH0023.1	Dlx4
A  [    15     20     30     22     28     54      1     97     99      1      1     76     20     29     17     50     22 ]
C  [    25     55     23     48     13      7      4      0      0      0      1      0     52     49     26     14     53 ]
G  [    30     12     32     17     29     24      0      1      0      0      1     23     14      6     40     11     12 ]
T  [    30     13     15     12     30     15     95      2      0     99     97      1     14     16     16     25     13 ]
>PH0024.1	Dlx5
A  [    11     17     28     18      1     97     98      1      1     61     19      5      7     26     15     19 ]
C  [    29     29     17     14     38      2      0      1      0      0     25     49     17     34     22     27 ]
G  [    37     37     49     59      0      0      1      0      2     38     37     17     37     23     22     35 ]
T  [    22     17      5      9     61      1      1     98     97      1     18     28     39     17     41     19 ]
>PH0025.1	Dmbx1
A  [    34     28     49     49     25     28      6      0     94      0      1     97     40      9     15     30     37 ]
C  [    13      8      8      8     36     50      1      1      6      0      1      0      5     11     28     20     12 ]
G  [    12     37     31     13     18     20     93     99      0      0      0      0     35     37     30     19     15 ]
T  [    41     27     12     30     21      3      0      0      0     99     98      3     20     42     27     30     36 ]
>PH0026.1	Duxbl
A  [     6     35     77      6      2      0     99     97      0      0     97     83      5     25     31     28     20 ]
C  [    55      5      2     67     66     74      1      2      1     98      0      3     53     25     19     20     29 ]
G  [    10     47     16     11      9      0      0      0      0      0      0      9     18     28     34     15     34 ]
T  [    29     13      5     16     22     25      0      0     99      2      3      5     24     23     16     37     17 ]
>PH0027.1	Emx2
A  [    48     26     28     38      3      2     88     98      1      0     95     23      2     12     14     27     18 ]
C  [     8     34     37     20     68      4     11      1      0      0      0      6     39     15     25     26     32 ]
G  [     5     33     24     33      6      0      0      0      1     11      4     68      5     48     50     21     23 ]
T  [    38      7     11     10     23     95      0      1     98     88      2      3     54     25     11     26     28 ]
>PH0028.1	En1
A  [    23     23     28     73     82     11      0     97     99      1      1     97     48      6     23     20 ]
C  [    20     31     28     15      8     54     15      0      0      0      1      0      8     14     18     49 ]
G  [    41     29     29      8      7     11      0      2      1      0      1      2     33     37     37     20 ]
T  [    16     16     15      4      4     24     84      0      0     99     97      1     11     44     22     11 ]
>PH0029.1	En2
A  [    38     20     28     39     11      1     98     98      1      1     74     36      5     13     27     43     31 ]
C  [     4     16     45     31     50     25      1      0      0      0      0      3     27     23     24     23     26 ]
G  [    11     58     13     20      3      0      0      0      0      1     25     50      5     46     39     11     13 ]
T  [    46      6     14     10     36     74      1      1     98     98      1     11     63     19     10     23     31 ]
>PH0030.1	Esx1
A  [    32     26     17     21     42      3      1     98     98      0      1     92     49     10     22     11     52 ]
C  [    24     18     34     35      7     47      7      0      0      1      1      0      1     16     12     26      7 ]
G  [    17     15     18     23     41      1      0      1      1      0      0      7     47     15     30     45      4 ]
T  [    26     42     31     21     10     49     92      1      0     98     98      1      3     60     36     19     37 ]
>PH0031.1	Evx1
A  [    47     30     36     47      5      1     85     99      0      0     96     11      3     17     20     36     24 ]
C  [     6     25     22     15     66      3     14      1      0      0      0     18     44     20     25     16     36 ]
G  [     3     33     21     26     18      0      0      0      1     14      3     66      6     46     38     17     24 ]
T  [    45     11     22     13     11     96      0      0     99     85      1      5     48     18     17     30     16 ]
>PH0032.1	Evx2
A  [    21     40     14     29     15      2      0     95     99      0      0     93      2      4     12      9     34 ]
C  [    30     33     56     52      7     82      2      4      0      0      1      0     16     53     18     15     10 ]
G  [    23     19      9      9     76     12      0      1      0      0      5      7     76     23     40     38      6 ]
T  [    26      8     21     10      2      3     98      0      0     99     94      0      6     19     29     38     50 ]
>PH0033.1	Gbx1
A  [    27     30     14     25     59     18      1     97     99      0      0     71      5     14     10      9     47 ]
C  [    22     12     37     37     12     71     28      2      0      1      0      0      5     16     17     27      8 ]
G  [    19     31     29     21     18      5      0      0      1      0      2     28     71     20     52     29      6 ]
T  [    32     27     19     17     11      5     71      0      0     99     97      1     18     51     22     36     39 ]
>PH0034.1	Gbx2
A  [    39     24     24     41      4      0     98     99      1      0     80      5      4     16     39     11     15 ]
C  [     5     27     38      9     84     19      1      1      0      0      0      6     44     28     11     23     13 ]
G  [    26     29     20     42      6      0      0      0      1      1     19     84     10     44     30     25     23 ]
T  [    30     20     18      8      5     80      0      1     99     98      0      4     42     12     19     41     49 ]
>PH0035.1	Gsc
A  [    47     34     40     26     28      7      3     99     99      0      1      0      3      8     22     26     31 ]
C  [    16     22     13     46     11     40      0      0      0      0     97     95     44     36     12     23     31 ]
G  [    13     24      5     10     52      1      0      1      0      1      0      0     40      8     24     12     26 ]
T  [    24     21     43     18      9     52     97      0      0     99      3      4     13     48     42     39     11 ]
>PH0036.1	Gsx2
A  [    47     18     25     13      1     95     97      2      1     89     20     11     17     18     75     18 ]
C  [    18     32      9     26     10      3      0      0      1      0     13     55     28     30      4     12 ]
G  [    23     33     55     24      0      1      0      0      3     10     55      9     23     33     12     32 ]
T  [    12     17     11     37     89      1      2     97     95      1     11     25     33     19      9     37 ]
>PH0037.1	Hdx
A  [    31     34      5     20     30     21     70     83     92      2      3     86     18     23     14     34     40 ]
C  [    20     18      9     12     31      2     23      1      1      2     90      4     22     33     30     35     23 ]
G  [    21     26     52     35     16     72      5      6      3      3      4      1     16     20     31      6     19 ]
T  [    27     22     35     33     24      4      2     10      5     93      3      8     45     24     26     26     18 ]
>PH0038.1	Hlx
A  [    18     27     45      7     76     71      4     16     63     88     20     11     75     16     42 ]
C  [    49     44     22     13      8      1      6     12      3      2      7      5      5     41     27 ]
G  [    16     13     16      5      5      7      2      3     25      6      1      8     13     15      9 ]
T  [    17     16     17     75     11     20     88     69      9      4     71     76      7     28     22 ]
>PH0039.1	Mnx1
A  [    12     14     56     11      1     97     98      1      0     91      8      2     17     23     25     29 ]
C  [    24     21     25     39      8      2      0      1      0      0     16     17      9     27     35     30 ]
G  [    37     30     17     38      0      0      1      0      2      8     68     25     59     33     11     34 ]
T  [    27     35      2     12     91      0      1     98     97      1      8     56     15     17     29      7 ]
>PH0040.1	Hmbox1
A  [    25     37     44     46     47      1      1     70      1      0     11     94     64     13     33     25      7 ]
C  [    23     20     10     15      9     85      1      0      0      0      1      1      6     44     13     11     43 ]
G  [    30     10     34     22     14      2      3     29     99      1      0      2     10     14     26     20     31 ]
T  [    21     34     13     18     30     12     96      0      0     98     88      3     20     29     28     43     19 ]
>PH0041.1	Hmx1
A  [    34     17     36     69     13      1     87     88      0      2     95     88     25     14     38     33     18 ]
C  [    29     43     29      6      8     95      0     11      0      6      0      1     15     22     29     13     20 ]
G  [    24     27     26     16     72      0     12      0      0      0      1      4     17     50     28     24     22 ]
T  [    13     13      9      9      7      4      1      1     99     93      3      6     43     13      4     31     40 ]
>PH0042.1	Hmx2
A  [    50     19     55     77     17      1     85     85      1      2     93     89     36     25     41     47      9 ]
C  [    20     44     19      6     15     97      0     13      0      6      0      1     19     21     27     10      7 ]
G  [    23     23     17     12     57      0     15      1      0      0      1      2     11     41     27     25      9 ]
T  [     7     14      9      6     11      1      0      1     99     93      5      8     34     14      5     18     74 ]
>PH0043.1	Hmx3
A  [    49     12     48     76     15      2     84     87      1      1     92     87     39     26     47     52     13 ]
C  [    21     49     23      7     10     94      0     12      0      4      0      2     15     18     21     11     10 ]
G  [    21     25     19     11     59      0     16      0      0      0      2      3     12     38     26     18     13 ]
T  [     9     13     10      6     15      4      1      1     99     94      5      7     35     18      6     19     64 ]
>PH0044.1	Homez
A  [    59     34     50     46     34     87      1      4      1     21      4     16     14     13     52     37     27 ]
C  [     6     17     11     13     42      3      1     95      1      1      2      3     14     23     19      5     17 ]
G  [    17     14      9      3     17      0      1      0     97      2      3      2     12     18      5     29     31 ]
T  [    18     34     30     38      7      9     97      1      1     76     91     79     61     46     23     28     26 ]
>PH0045.1	Hoxa1
A  [    19     14     27     62     27      8      1     96     99      1      0     96     28     14     11      6 ]
C  [    42     15     13     10      8     53      3      3      0      0      0      0     48     45     17     30 ]
G  [    19      6     47     15     61     22      0      1      0      0      1      4     17     14     41     18 ]
T  [    21     65     14     13      5     17     97      0      0     99     99      0      7     27     31     46 ]
>PH0046.1	Hoxa10
A  [    25     42     12     17      7     71     89      3     70     91     88     69     24     18     28     52 ]
C  [     8     29     21      8     32     27      1      1      1      0      2      6     16      8     39      8 ]
G  [    29     13     45     70      1      0      8      0      1      1      1      5      7     30      9     10 ]
T  [    37     16     22      4     61      1      3     97     28      8      9     20     53     44     24     30 ]
>PH0047.1	Hoxa11
A  [    25     49     54     43     10      0      2     26      0     83     98     98     60     21     29     15 ]
C  [    21     12     15     10      5      2     97      0      0      0      0      1      9     40     22     15 ]
G  [    14     20     14     27     85      0      0     74      0      0      0      0      9     11     25     31 ]
T  [    40     19     17     20      0     98      1      0     99     16      1      1     22     27     24     39 ]
>PH0048.1	Hoxa13
A  [    35     32     37     15      2      0      1     20      0     93     97     98     62     30     18     23 ]
C  [    17     19     20     30     93      3     94      0      1      0      0      1     12     13     23     13 ]
G  [    16     20     18     30      5      0      0     80      0      0      0      0      5      9     23     22 ]
T  [    31     29     25     26      0     97      5      0     99      7      3      1     21     48     36     41 ]
>PH0049.1	Hoxa2
A  [    59     33     19      9      1     90     98      0      0     93     16     11     22     26     73     28 ]
C  [     8     32      8     21      6      9      1      0      1      0     30     62     28     44      4     17 ]
G  [    24     22     62     52      0      1      0      1      9      6     45      8      8      9      9     27 ]
T  [     9     13     11     18     93      0      0     98     90      1     10     19     42     21     14     29 ]
>PH0050.1	Hoxa3
A  [    18     16     19     39     30      7      0     90     99      0      0     97     35      5 ]
C  [    11     29     19     30     10     30     11     10      1      0      0      0     16     35 ]
G  [    21     19     50     15     53     34      0      0      0      0      5      2     46     12 ]
T  [    50     35     12     16      7     28     88      0      0     99     94      1      3     47 ]
>PH0051.1	Hoxa4
A  [    23     39      8     21     56     17      1     94     98      1      0     91     68      9     12     10     12 ]
C  [    17     10     20     23     13     11      8      6      0      1      0      0      5     56      9     27     16 ]
G  [    38     31      7     10     27      5      0      0      1      0      6      8     11     12     35     26     53 ]
T  [    22     20     65     46      5     68     91      0      1     98     94      1     17     23     44     37     18 ]
>PH0052.1	Hoxa5
A  [    66     33     21      8      1     90     98      0      0     90     21     15     29     27     52     27 ]
C  [    12     39     11     19      9      9      1      0      0      0     31     53     20     41      7     14 ]
G  [    15     15     53     45      0      0      0      1      9      9     41     11      7     10     19     36 ]
T  [     7     13     15     28     90      0      0     98     90      1      7     21     44     23     22     23 ]
>PH0053.1	Hoxa6
A  [    58     43     20     19      1     95     98      1      1     90     15     11     23     33     60     22 ]
C  [    15     35     10      5      9      4      1      0      0      0     68     59     27     32      8     17 ]
G  [    20      9     59     48      0      0      0      1      4      9      9     10      6     12      8     28 ]
T  [     7     13     11     28     90      1      1     98     95      1      8     20     43     22     24     34 ]
>PH0054.1	Hoxa7_1
A  [    19     22     37     26     15      7     90     94      4      5     82     50     14     34     36     21     19 ]
C  [    45     21     36     20     10     11      4      0      1      1      0     24     19     16     19     24     55 ]
G  [    25     48     13     30     24      0      1      1      0      4     11     10     13     22     21     31     12 ]
T  [    11      9     15     24     50     82      5      4     94     90      7     15     54     27     24     25     14 ]
>PH0055.1	Hoxa7_2
A  [     5     13     51      7      6     93     97      1      2     88     47      4     22     15     37     40 ]
C  [    23     23     31     11      5      4      1      1      1      0     25     13     18     17     30     33 ]
G  [    47     25     13     50      0      1      1      1      4      5     18     31     45     53     10     19 ]
T  [    25     39      4     32     88      2      1     97     93      6     10     51     15     15     24      8 ]
>PH0056.1	Hoxa9
A  [    39     21     23      9      9     24     88      2     63     95     93     76     32     17     51     38     38 ]
C  [    12     50      7     16     60     63      0      0      1      0      1      2     16     13     13      9      8 ]
G  [    34     20     56     66      1      2     10      0      0      0      1      3      6     17     15     28     11 ]
T  [    16      8     14     10     30     11      1     97     36      4      5     19     45     53     21     25     43 ]
>PH0057.1	Hoxb13
A  [    38     48     30      5      2     76     92      0     83     93     97     84     37     26     22     22 ]
C  [    27     12     33     77     67     12      0      3      0      0      1      7     14     21     35     30 ]
G  [    20     27     18      9      1      0      5      0      1      0      0      6      9     12     11     33 ]
T  [    15     13     19      9     31     12      3     97     16      7      2      3     40     40     33     15 ]
>PH0058.1	Hoxb3
A  [    38     29     55     26      8      1     74     98      1      0     88     15      5     19     32     31     41 ]
C  [     5     13     20     27     57     11     26      0      0      0      0     20     34     15     23     12     14 ]
G  [     5     52     13     32     20      0      0      0      0     26     11     57     12     30     38     40     20 ]
T  [    52      6     12     15     15     88      0      1     98     74      1      8     49     36      6     18     26 ]
>PH0059.1	Hoxb4
A  [    15     25     31     34      8      2     94     98      1      0     89     68     10     32     52     30     16 ]
C  [    59     22     32     12     17     10      6      0      0      0      0      6     22     18     20     32     40 ]
G  [    17     32     16     41      6      0      0      0      0      6     10     17     17     13     18      9     16 ]
T  [     9     22     21     12     68     89      0      1     98     94      2      8     51     37     10     29     28 ]
>PH0060.1	Hoxb5
A  [    52     27     17     12      1     90     98      1      0     92     19     10     28     28     68     22 ]
C  [    23     35      9     15      7      9      1      0      0      0     29     65     25     44      5     16 ]
G  [    14     19     65     38      0      0      0      1      9      7     41      9     10     11     14     14 ]
T  [    11     19     10     35     92      0      1     98     90      1     11     17     36     17     14     48 ]
>PH0061.1	Hoxb6
A  [    29     55     18     18     17      7      2     83     95      2      3     76     11     20     26     18 ]
C  [    14     10      4     10     30     11     20     12      1      1      2      2     74     33     13     25 ]
G  [     6      8     18     35     33     67      2      2      1      1     12     20      6     30     29     24 ]
T  [    52     28     60     38     20     14     76      3      2     95     83      2      9     17     32     33 ]
>PH0062.1	Hoxb7
A  [    10     16     64      9      3     93     96      3      3     91     40      6     10     21     31     45 ]
C  [    29     24     21     22      6      4      1      0      0      0     31      9      9     31     25     13 ]
G  [    45     21      9     39      0      0      0      1      4      6     17     21     56     25     15     29 ]
T  [    16     40      6     29     91      3      3     96     93      3     12     64     25     23     29     13 ]
>PH0063.1	Hoxb8
A  [    40     17     18     23     11      1     78     97      2     19     96     79     10     60     40     45 ]
C  [    23     43     36     17      3     62     16      1      0      1      0      4     24     14     13     10 ]
G  [     9     30     20     34     82      0      2      1      0      0      1      2      7     13     32     12 ]
T  [    29     10     27     26      4     36      4      1     98     80      3     15     59     13     14     32 ]
>PH0064.1	Hoxb9
A  [    37     36     58     10      2     42     94      1     73     96     97     87     34     20     23     25 ]
C  [    19     16      7     13     66     54      0      1      0      0      0      1     20     27     45     18 ]
G  [    37     41     31     65      1      1      5      0      0      0      0      3      8     10     15     36 ]
T  [     7      7      4     12     31      3      0     98     27      4      2      9     39     43     18     21 ]
>PH0065.1	Hoxc10
A  [    24     39     43     34      8      0      2     30      0     85     99     98     50     22     21     14 ]
C  [    24     12     16     14      6      4     98      0      0      0      0      1     13     33     26     15 ]
G  [    13     24     18     29     86      0      0     70      0      0      0      0     15     15     29     30 ]
T  [    39     25     23     23      0     96      0      0     99     14      1      1     23     30     25     41 ]
>PH0066.1	Hoxc11
A  [    23     53     52     38      8      0      1     23      0     86     98     99     54     22     35     20 ]
C  [    25     12     13     14      4      3     98      0      0      0      0      0     13     27     17     12 ]
G  [    14     20     13     27     88      0      0     76      0      0      0      0     11     19     26     35 ]
T  [    38     16     22     21      0     97      1      0     99     14      2      1     22     32     22     33 ]
>PH0067.1	Hoxc12
A  [    18     29     41     20     15      0      4     13      0     92     97     98     50     34     18     31     19 ]
C  [    26     20     12     19      4      3     94      0      0      1      0      1     14     24     25     14     43 ]
G  [    11     12     38     53     80      0      0     87      0      0      0      0      3      7     19     24     17 ]
T  [    45     39      8      9      0     97      2      0     99      7      2      1     33     35     38     32     22 ]
>PH0068.1	Hoxc13
A  [    33     36     42     11      3      0      2     39      0     90     96     98     65     30     16     33 ]
C  [    22     21     15     23     84      3     89      0      2      0      0      0      8     14     23      9 ]
G  [    13     16     15     37     13      0      0     60      0      0      0      0      5      9     16     24 ]
T  [    33     27     27     29      0     96      9      1     98     10      4      1     22     47     46     34 ]
>PH0069.1	Hoxc4
A  [    14     22     36     44     11      2     95     98      1      0     92     76     11     35     53     26     30 ]
C  [    69     20     35     14      8      6      4      0      0      0      0      6     36     20     24     24     26 ]
G  [    10     43     13     26      6      0      0      0      0      4      6      8     22     18     15     16     20 ]
T  [     7     15     16     16     76     92      0      1     98     95      2     11     30     27      9     33     25 ]
>PH0070.1	Hoxc5
A  [    13     18     46     51      8      2     94     97      2      1     88     55     10     34     68     23     25 ]
C  [    62     21     34      9     24     10      5      0      1      0      0     13     22     17     15     29     22 ]
G  [    17     46      9     32     13      0      0      1      0      5     10     24     10     13     10     19     20 ]
T  [     9     15     11      8     55     88      1      2     97     94      2      8     58     35      8     29     34 ]
>PH0071.1	Hoxc6
A  [    14     46     48     43     10      3     91     96      2      6     88     46     12     38     46     32     32 ]
C  [    45     11     17     22      4      9      2      1      1      1      1     40     22      9     16     27     18 ]
G  [    16     31     13     28     40      1      1      1      1      2      9      4     24     16     23     21     23 ]
T  [    25     12     23      7     46     88      6      2     96     91      3     10     42     36     15     20     27 ]
>PH0072.1	Hoxc8
A  [    21     28     24     32     29     13      1     91     97      1      4     91     35     17     21      9 ]
C  [    22     19     10     10     17      7      8      5      1      0      0      0     33     37     10     16 ]
G  [    24      9     41     36     37     56      0      0      0      1      5      8      4     17     42     17 ]
T  [    32     44     25     23     17     24     91      4      1     97     91      1     28     29     28     59 ]
>PH0073.1	Hoxc9
A  [    28     21     37     20     14      3     29     89      2     29     98     95     24     21     33     18 ]
C  [    21     12     22      6      5     20     69      1      1      1      1      2     30     27      9     20 ]
G  [    34     38     24     59     80      1      1     10      0      0      1      1      5      9     26     25 ]
T  [    18     29     16     15      1     77      1      1     97     70      1      3     41     43     32     37 ]
>PH0074.1	Hoxd1
A  [    39     46     41     40      4      1     92     99      1      0     85     30      4      7     22     23     32 ]
C  [     5     16     23     15     45     14      7      0      0      1      0     21     58      8     22     17     20 ]
G  [    11     28     13     40     21      0      1      0      0      7     14     45     10     19     32     27     18 ]
T  [    46     10     24      5     30     85      0      1     99     92      1      4     28     66     24     32     30 ]
>PH0075.1	Hoxd10
A  [    41     40      5     24      3     71     83      1     81     95     93     85     19     27     34     41     28 ]
C  [    29     10     19     23     55     23      1      3      0      0      1      6     24      8     13     12     24 ]
G  [    22     33     34     32      1      2      2      1      0      0      1      7      5     24     19     19     16 ]
T  [     8     17     42     21     41      4     13     96     18      4      6      3     51     41     35     28     32 ]
>PH0076.1	Hoxd11
A  [    20     38     43     32      8      0      1     17      0     84     98     98     63     28     23     25     18 ]
C  [    30     24     15     19      6      2     98      0      0      0      0      1     16     19     35     30     16 ]
G  [     7     12     23     33     86      0      0     82      0      0      0      0      2     12     15     17     20 ]
T  [    43     26     18     16      0     97      1      0     99     16      1      1     19     41     27     28     47 ]
>PH0077.1	Hoxd12
A  [    19     40     37     26     11      0      2     12      0     92     98     98     58     19     19     27     22 ]
C  [    35     20     19     26      7      2     97      0      0      0      0      0     15     21     37     20     14 ]
G  [    11     15     23     38     83      0      0     88      0      0      0      0      3     10     18     18     25 ]
T  [    35     25     21     10      0     98      1      0     99      7      1      1     25     50     26     35     40 ]
>PH0078.1	Hoxd13
A  [    28     30     33      5      2     68     94      0     90     97     98     90     25     19     25     25 ]
C  [    32     18     20     54     65     12      0      1      0      0      0      4     29     30     34     25 ]
G  [    19     19     17      8      0      0      3      0      1      0      0      2      7     11     19     18 ]
T  [    21     34     29     33     33     20      3     98      9      3      1      4     39     40     22     32 ]
>PH0079.1	Hoxd3
A  [    19     19     14     37     24     14      1     87     98      1      0     84     37     24     12      9 ]
C  [    37      8     10     10      9     24     14     12      1      0      0      0     37     44     37     22 ]
G  [     5      8     60     33     44     29      0      0      0      1     12     14     14      9     31     21 ]
T  [    39     65     16     21     24     33     84      0      1     98     87      1     11     24     21     48 ]
>PH0080.1	Hoxd8
A  [    13     60     60     33      7     72     92      4      5     95     79      7     35     24     19     19     36 ]
C  [    12     12      8      5     23     12      2      1      1      0      5      9      4      7     50      9     21 ]
G  [    20     11     20     29      1      3      2      1      0      1      2      5     47     56      8     14     18 ]
T  [    55     16     11     33     69     12      4     94     94      3     13     79     14     13     24     59     25 ]
>PH0081.1	Pdx1
A  [    38     35     38      8      1     89     98      1      0     90     12      9     34     17     69     22 ]
C  [    29     25      7     27      9     10      1      0      1      0     21     46     20     50      3     18 ]
G  [    20     21     46     47      0      1      0      1     10      9     57      7      7     19     14     23 ]
T  [    13     20      9     17     90      0      1     98     89      1     11     38     38     13     14     36 ]
>PH0082.1	Irx2
A  [    39     47     32     41     22     95      0     96      3      1      3     74     40     30     40     18     34 ]
C  [     8     13     13     14      1      1     97      0      1      1      1      3     17     19     11     20     11 ]
G  [    10     13     26     25      3      1      1      1      0     97      1      1     21     29     12     27      8 ]
T  [    42     28     30     20     74      3      1      3     96      0     95     22     21     22     37     36     47 ]
>PH0083.1	Irx3_1
A  [    37     33     29     30     22     94      0     92      6      1      4     72     45     31     52     19     28 ]
C  [     9     16     19     22      1      1     98      0      2      1      1      5     23      7      7     39     13 ]
G  [    21     28     23     26      5      1      1      2      0     98      1      1     17     18     11     13     19 ]
T  [    34     22     29     22     72      4      1      6     92      0     94     22     16     44     30     30     41 ]
>PH0084.1	Irx3_2
A  [    40     38     27     28     22     95      1     95      4      2      2     74     45     27     41     18     36 ]
C  [    11     13     15     24      1      1     97      0      1      0      1      3     20      9     11     27     13 ]
G  [    16     24     26     24      3      1      0      1      0     97      1      1     20     16     15     16     16 ]
T  [    33     25     32     25     74      2      2      4     95      1     95     22     15     49     32     39     36 ]
>PH0085.1	Irx4
A  [    45     35     30     27     33     91      1     90      8      5      6     63     56     46     51     20     39 ]
C  [     8     18     20     23      1      1     94      0      2      1      2      4     19      8     11     32     14 ]
G  [    14     23     19     26      4      2      1      2      0     94      1      1     10     16     13     24     15 ]
T  [    33     24     31     24     63      6      5      8     90      1     91     33     14     30     25     24     33 ]
>PH0086.1	Irx5
A  [    37     44     31     33     33     93      0     94      5      3      4     60     35     38     54     21     30 ]
C  [    11     10     17     22      1      2     96      0      1      1      1      7     24     11      7     21     11 ]
G  [    15     19     20     21      7      1      1      1      0     96      2      1     20     21     12     25     13 ]
T  [    37     27     32     24     60      4      3      5     94      0     93     33     22     30     27     33     45 ]
>PH0087.1	Irx6
A  [    36     54     40     31     20     95      1     95      3      3      3     76     37     40     48     32     13 ]
C  [    18     13     16     16      1      1     96      0      2      1      1      3     27     10     11     22      6 ]
G  [    12     12     12     28      3      1      1      2      0     96      1      1     18     21     11     21      7 ]
T  [    34     21     32     24     76      3      3      3     95      1     95     20     18     28     30     25     74 ]
>PH0088.1	Isl2
A  [    38     37     40     58     74      6      2     60     71      1      1     93     66     15     32     20 ]
C  [    46     25     35     15     12     30     51     36     28      1      1      0      4     11     10     28 ]
G  [     7      9     12     13      5      9      1      2      1      0      0      1     21     31     14      8 ]
T  [     9     28     13     14      9     55     47      2      1     97     97      6      9     44     44     43 ]
>PH0089.1	Isx
A  [    34     27     20     30      4      0     99     99      1      1     60      8     12     14     16     32 ]
C  [    26     31     28     31     86     39      1      0      0      0      0      1     21     30     22     10 ]
G  [    12     22     20     27      1      0      0      0      0      1     39     86     33     28     47     17 ]
T  [    28     20     33     12      8     60      1      1     99     99      0      4     34     28     14     41 ]
>PH0090.1	Lbx2
A  [    24     22     31     39      3      1     95     97      0      2     71     55     13     15     14     35     40 ]
C  [     6     24     34     22     40     28      1      1      2      1      0      1     30     24     39     10     19 ]
G  [     6     44     14     19      1      0      1      2      1      1     28     40     13     33     38     36     26 ]
T  [    65      9     21     21     55     71      2      0     97     95      1      3     44     28      9     19     14 ]
>PH0091.1	Lhx1
A  [    32     23     38     58      3      1     98     98      2      0     91     78     37     50     64     28     15 ]
C  [    37     18     17      9     17      8      1      0      0      1      0      2     15     12     11     29     18 ]
G  [    22     49     19     16      2      0      1      0      0      1      8     17      8      9      6     14     35 ]
T  [     9     10     25     16     78     91      0      2     98     98      1      3     40     29     19     30     32 ]
>PH0092.1	Lhx2
A  [    31     44     45     66      5      1     93     96      0      0     81     27     11     14     38     27     23 ]
C  [     7     24     24     13     67     18      6      0      4      0      0      1     35     11     28     26     28 ]
G  [    12     21     12     14      1      0      0      4      0      6     18     67     15     39     17     22     26 ]
T  [    50     11     19      6     27     81      0      0     96     93      1      5     39     36     17     25     23 ]
>PH0093.1	Lhx3
A  [    23     26     56     63      2      2     97     98      1      0     95     87     43     34     41     34     11 ]
C  [    29     23     23      9     10      3      0      0      0      2      0      1      9      3     28     32     23 ]
G  [    37     25      4     20      1      0      2      0      0      0      3     10     13      8      8     11     31 ]
T  [    11     26     18      8     87     95      0      1     98     97      2      2     36     54     23     24     34 ]
>PH0094.1	Lhx4
A  [    24     53     41     39      8      1     92     99      0      0     79      8      9      9     31      6     18 ]
C  [    10     24     17     22     71     20      1      0      1      7      0     13     42     11      9      8     12 ]
G  [    29      5     18     23     13      0      7      1      0      1     20     71     27     25     14     19     55 ]
T  [    37     18     24     16      8     79      0      0     99     92      1      8     22     56     46     67     15 ]
>PH0095.1	Lhx5
A  [    19     25     47     62      3      1     98     98      1      0     92     85     53     30     40     31      9 ]
C  [    35     20     20      6     10      7      1      0      0      1      0      2     14     12     24     32     29 ]
G  [    30     31     14     20      2      0      1      0      0      1      7     10      7      6     16     15     21 ]
T  [    16     23     20     12     85     92      0      1     98     98      1      3     26     53     21     23     42 ]
>PH0096.1	Lhx6_1
A  [    16     40     28     24     31      6      1     83     98      0      0     88     47     11     22      6     52 ]
C  [    31     12     19     56     11     46     12      1      0      1     16      0      2     13     11     28     10 ]
G  [    38     15     34      9     53      2      0     16      1      0      1     12     46     27     41     22      6 ]
T  [    15     33     18     12      6     47     88      0      0     98     83      1      6     50     26     44     31 ]
>PH0097.1	Lhx6_2
A  [    31     31     24     33      4      1     81     99      0      0     84     21      7     16     22     29     15 ]
C  [     7     50     32     24     72     15      1      0      1     18      0      3     67     12     18     12     22 ]
G  [     6     10     21     32      3      0     18      1      0      1     15     72     10     52     39     22     30 ]
T  [    56      8     24     11     21     84      0      0     99     81      1      4     15     20     21     37     33 ]
>PH0098.1	Lhx8
A  [    38     27     33     29      6      1     86     98      0      0     82      4      2     14     15      8     18 ]
C  [    20     44     36     39     85     17      1      0      1     13      0      5     73     12     12     19     14 ]
G  [    14     16     17     25      5      0     13      1      0      1     17     85      9     49     50     20     51 ]
T  [    28     13     14      7      4     82      0      0     98     86      1      6     16     25     23     54     17 ]
>PH0099.1	Lhx9
A  [    14      5     20     66     10      2     96     97      1      0     83     59     18     21     51     16      9 ]
C  [    55     38     48      7     27     15      3      0      2      2      0      4     10     36     26     44     37 ]
G  [    14     35      6     14      4      0      2      2      0      3     15     27     11     16     15     21     18 ]
T  [    17     22     25     12     59     83      0      1     97     96      2     10     61     27      8     19     36 ]
>PH0100.1	Lmx1a
A  [    16     17     43     42      6      3     94     96      3      5     93     77     50     52     48     22     17 ]
C  [    51     21     18     13     13      4      1      0      0      1      0      4      6     12     18     37     34 ]
G  [    25     48     16     13      4      0      1      0      0      1      4     13      9      5      7     15     17 ]
T  [     8     14     23     32     77     93      5      3     96     94      3      6     35     30     27     26     32 ]
>PH0101.1	Lmx1b
A  [    34     25     32     37     36      2      2     97     98      2      2     96     80     24     28     25     14 ]
C  [    22     13      9      5      9     16      2      1      0      1      0      0      2     12     10     26     25 ]
G  [    31     39     15      9      6      2      0      0      1      0      1      2     16     12     19     14     35 ]
T  [    14     23     44     49     49     80     96      2      2     98     97      2      2     53     43     36     26 ]
>PH0102.1	Meis1
A  [    43     51     23      9     95      3      2      0      1      3      0     99     70     36     45     20 ]
C  [    11      6     28     29      1     44     96      2      0      0     99      0      2      9     20     39 ]
G  [    13     21     28     36      3     51      1      0     99      0      0      0      1      9     18     17 ]
T  [    32     22     22     26      2      3      0     98      0     97      0      0     27     46     16     23 ]
>PH0103.1	Meox1
A  [    30     39     18     18      1     91     98      1      0     82     10     25     16     16     75     18 ]
C  [    20     29     12      9     17      6      1      0      3      0     43     44     29     40      8      9 ]
G  [    43     27     44     53      0      3      0      1      6     17     28     12      8     20      8     57 ]
T  [     7      6     25     20     82      0      1     98     91      1     19     18     47     24      9     16 ]
>PH0104.1	Meis2
A  [    38     51     28      7     92      2      2      0      1      4      0     99     72     33     47     21 ]
C  [    15      9     23     34      1     55     96      2      0      0     99      0      4      8     20     33 ]
G  [    10     18     28     36      4     42      1      0     98      0      0      1      2     10     15     21 ]
T  [    37     23     21     23      3      2      1     98      0     96      1      1     22     48     18     25 ]
>PH0105.1	Meis3
A  [    45     59     26     11     77      3      5      0      1      3      0     98     64     32     43     25 ]
C  [    13      6     21     28      2     51     87      3      0      1     99      0      6     13     27     43 ]
G  [    14     18     25     30     15     42      2      0     99      0      0      1      3     12     16     15 ]
T  [    28     17     27     31      6      4      6     97      0     96      0      1     26     43     14     18 ]
>PH0106.1	Msx1
A  [    18     25     29     36     66     14      1     98     99      1      1     82     44     10     26     31 ]
C  [    24     19     43     20      6     43     24      2      0      0      0      0     17     11     23     36 ]
G  [    27     39     11     11     16     13      0      0      0      0      0     17     21     18     18     13 ]
T  [    32     17     17     33     12     31     75      0      0     99     99      1     18     62     33     20 ]
>PH0107.1	Msx2
A  [    28     38     44     14     70      2      1     99     99      1      1     96     15     11     16     25      9 ]
C  [    26     28     12     23      8     80     56      0      1      0      1      0      5     42     10     36     21 ]
G  [    31     18     24     54     13     11      0      0      0      0      0      4     56      8     47     11     11 ]
T  [    16     16     20      9      9      7     43      1      0     99     98      1     24     39     27     28     58 ]
>PH0108.1	Msx3
A  [    32     60     40     75     77      4      0     99     99      1      1     99     70     18     22     31 ]
C  [    35     13     29      5      9     67     52      0      1      0      1      0      3     18     22     21 ]
G  [    23     16     10     13      9     19      0      1      0      0      0      1     15     30     18     10 ]
T  [    10     10     21      6      5     10     47      0      0     99     98      1     12     33     37     38 ]
>PH0109.1	Nkx1-1
A  [    35     17     26     35      5      1     88     95      4      0     58     19      1     11     10     16     36 ]
C  [     7     25     48     20     63     42     11      0      0      0      0     13     46     10     31     16     20 ]
G  [    12     55     13     40     13      0      0      0      0     11     42     63      6     68     49     49     26 ]
T  [    46      4     13      4     19     58      0      4     95     88      1      5     47     11      9     19     18 ]
>PH0110.1	Nkx1-2
A  [    26     19     12     20     48     11      2     93     96      4      0     68     35     11     28     10     56 ]
C  [    16     16     25     50      7     47     30      6      0      0      0      0      7     15     15     57      5 ]
G  [    30     23     35     18     40      7      0      0      0      0      6     30     47     18     34     20      2 ]
T  [    29     43     28     13      6     35     68      0      4     96     93      2     11     56     23     14     36 ]
>PH0111.1	Nkx2-2
A  [    30     27     48     43     12      0     92      2      1      0     13     93     50     67     36     13     29 ]
C  [    26     14     21      7     70     88      1     97      0     20     10      0     11      7     10     19     16 ]
G  [    14     15     23     33     17      0      0      0      0      0     75      1     36     11     23     20     23 ]
T  [    30     44      7     16      0     12      7      0     99     80      1      6      3     15     32     48     32 ]
>PH0112.1	Nkx2-3
A  [    11     10      8     16     80     88      1      0     75      1      2      3     53     58     21     23 ]
C  [    43     37     14     15      0      1      2     25      0     96      9     17     17      8     21     17 ]
G  [     7     14      9     10     17      9     96      0     25      2      1      0     20     23     19     40 ]
T  [    38     40     68     59      3      2      1     75      0      1     88     80      9     11     39     20 ]
>PH0113.1	Nkx2-4
A  [    28     50     63     25      9      1     85      2      0      1     28     89     43     51     23     14 ]
C  [    21     12      5     17     76     82      1     97      0     22     18      0     38     16     19     25 ]
G  [    16     19     13     40     13      0      0      0      0      0     53      3     15      4      5      5 ]
T  [    36     19     19     17      2     17     13      0     99     77      2      9      4     28     54     56 ]
>PH0114.1	Nkx2-5
A  [    28     40     64     18      2      0     95      2      0      1     39     87     63     36     13      9 ]
C  [    28     11      3     14     86     96      1     97      0      7      9      1     16     13     21     27 ]
G  [    14     33     22     37     12      0      0      0      0      0     49      5     17      9      3      9 ]
T  [    30     16     11     30      0      4      4      0     99     92      2      7      4     42     64     55 ]
>PH0115.1	Nkx2-6
A  [    22     40     79     21      2      0     97      2      0      0     67     76     34     44     13      9 ]
C  [    20     16      2     15     85     94      0     98      0      6      1      1     36     20     21     23 ]
G  [    22     27     13     35     13      0      0      0      0      0     31      3     28     11      4      3 ]
T  [    36     18      6     29      0      6      3      0     99     94      1     20      3     25     62     65 ]
>PH0116.1	Nkx2-9
A  [    25     15     23     32     67     87      1      0     77      1      3      2     41     79     59     24     15 ]
C  [     8     20     15     10      0      1      3     22      0     96      9     31     17      2     12     12     36 ]
G  [    16     12      7     24     31      9     96      0     22      3      1      0     25      5     10     21     13 ]
T  [    51     53     54     34      2      3      1     77      0      1     87     67     16     13     18     43     37 ]
>PH0117.1	Nkx3-1
A  [    23     36     23     29     76     85      1      0     85      1      2      2     69     63     57     30     20 ]
C  [    13     12     35      8      0      1      4     14      1     94     12     22     10      5     14      8     25 ]
G  [    21     16     16     23     22     12     94      1     14      4      1      0      5     22     14     17     30 ]
T  [    43     36     26     41      2      2      1     85      0      1     85     76     16      9     15     44     24 ]
>PH0118.1	Nkx6-1_1
A  [    23     34     35     56     77     18      0     99     98      2      1     88     32     12     14     14      6 ]
C  [    14     31     16      8      2      1      4      0      0      0      1      0     45     30     26     31     24 ]
G  [    47     21     15     11      2      2      0      0      0      0     17      9     10     11     21     25     51 ]
T  [    16     15     34     25     19     78     95      1      1     98     81      3     13     47     39     30     19 ]
>PH0119.1	Nkx6-1_2
A  [    37     26      9     56     84     18      0     98     98      2      1     79      9     15      8     12 ]
C  [    23     24     21      8      2      1      7      0      0      0      2      0     43     24     34     57 ]
G  [    25     39      6      7      2      4      0      1      0      0     26     17     22     28      6     13 ]
T  [    14     11     64     29     11     77     93      1      1     98     71      4     26     34     51     18 ]
>PH0120.1	Nkx6-3
A  [    21     38     31     46     68     18      1     99     98      2      1     84     30      9     14     19      8 ]
C  [    17     23     21     10      3      2      7      0      0      0      2      0     35     19     22     26     22 ]
G  [    43     22     17     10      2      3      0      1      1      0     25     12     23     16     31     23     45 ]
T  [    19     16     31     34     28     78     92      1      1     97     72      3     12     56     33     31     25 ]
>PH0121.1	Obox1
A  [    24     22     65     45     25      9      5      0     97      0      1     95     71     23     26     45     18 ]
C  [    13     11     11     11      2      1      0      0      3      1      1      0      2     62     15     20     33 ]
G  [    24     21     16     37     69     88     95     96      0      0      0      0      5      7     16      9     18 ]
T  [    39     47      8      7      5      2      0      4      0     99     98      5     22      7     44     26     30 ]
>PH0122.1	Obox2
A  [    29     12     45     15     19      7      6      2     97      1      2     93     69     29     26     51     22 ]
C  [    13     14     15      6      4      2      1      0      2      0      1      0      2     52      6     23     24 ]
G  [    14     41     31     65     73     86     92     95      0      1      0      1      8      6     15      9      8 ]
T  [    44     32      9     14      5      4      1      3      1     98     97      5     21     12     52     16     46 ]
>PH0123.1	Obox3
A  [    27     13     34     15     26     11      8      1     98      0      1     95     72     14     28     43     26 ]
C  [    17     27     21     16      3      4      0      0      1      0      1      0      2     67      6     29     27 ]
G  [    15     35     33     58     63     77     91     97      0      1      0      1     13      9     16     11      7 ]
T  [    41     25     11     10      8      8      1      2      1     99     98      3     14     10     50     17     40 ]
>PH0124.1	Obox5_1
A  [    28     34     27     39     11      9      1     99      0      1     97     80     38      7     18     27     29 ]
C  [    19      4     23     14      6      0      0      0      0      0      0      0     18      8     31     19     38 ]
G  [    14     33     33     38     81     91     98      0      0      0      0      2      8      3     18     12     14 ]
T  [    39     29     17      8      1      0      1      1     99     99      2     17     36     81     33     41     19 ]
>PH0125.1	Obox5_2
A  [    17     50     17     78     44     20      2     99     99      1      1      0      4      8     17     20     19 ]
C  [    22      9     25      3      7      2      0      0      0      0     98     87     66     22     35     33     23 ]
G  [    34     14     18     10     19      1      0      0      0      1      0      1      9     11     21      3     20 ]
T  [    28     27     40      8     31     77     97      1      0     98      0     12     20     59     27     43     39 ]
>PH0126.1	Obox6
A  [    51     30     69     68     35     14      4      0     97      0      1     97     44     25     12 ]
C  [    24     21      4      9     12     61      0      0      3      0      1      0      2     34     23 ]
G  [    11     20     14      4     35     19     96     98      0      0      0      0      8      5     46 ]
T  [    14     29     13     19     19      6      0      1      0     99     98      3     46     35     19 ]
>PH0127.1	Nobox
A  [    17     13     23     31      2      2     92     96      3      1     65     38     14     30     44     23     15 ]
C  [    50     18     28     23     58     33      1      0      1      7      0      3     16     19     16     29     41 ]
G  [    20     54     25     36      3      0      7      1      0      1     33     58     39     16     16     17     25 ]
T  [    13     16     23     10     38     65      1      3     96     92      2      2     30     35     24     31     19 ]
>PH0128.1	Otp
A  [    23     31     15     41     47      1      1     98     98      0      0     96     88      6     23     22     12 ]
C  [    38     20     36     18     10     12      4      1      0      1      1      0      0     42     10     18     12 ]
G  [    21     34     12     18     39      0      0      1      1      0      1      4     12      9     28     35     60 ]
T  [    18     16     38     23      4     88     96      0      0     98     98      1      1     43     38     25     15 ]
>PH0129.1	Otx1
A  [    30     19     37     43     18      8      1     95      0      1     94     69     12     29     24     32     19 ]
C  [    15     10     11      5     20      0      0      4      0      0      0      3     13     13     24     22     26 ]
G  [    30     49     16     47     61     92     99      0      0      0      0     14     10      9     20     16     24 ]
T  [    25     22     36      5      2      0      1      0     99     98      6     14     66     49     32     30     31 ]
>PH0130.1	Otx2
A  [    23     29     29     48     20      8      1     95      1      1     92     75     11     20     30     19     21 ]
C  [    21      7     15     15     11      1      0      5      0      0      0      2     15     34     13     17     45 ]
G  [    27     38     22     31     67     91     97      0      0      0      0     12     12      8     32     21     14 ]
T  [    29     26     34      5      1      0      1      1     99     98      7     11     62     38     26     43     21 ]
>PH0131.1	Pax4
A  [    42     23     40     37      2      3     98     99      0      1     92     37     11     14     18     34     28 ]
C  [     8     31     18     14     60      1      0      0      1      1      4      2     52     37     44     10     35 ]
G  [     7     33     24     19      2      4      1      1      0      0      1     60      8     23     32     31     18 ]
T  [    43     13     17     30     37     92      1      0     99     98      3      2     29     26      6     25     19 ]
>PH0132.1	Pax6
A  [     6     26     62      8     12     94     96      2      1     80     52      7      7     26     39     23 ]
C  [    15     13     21     40      7      2      1      0      2      1      5     10      8     28     19     41 ]
G  [    11     43     10      4      1      2      0      1      2      7     28     21     28     31     20     17 ]
T  [    68     18      7     47     80      1      2     96     94     12     16     62     56     16     22     19 ]
>PH0133.1	Pax7
A  [    32     20     41     29     11      6     91     95      3      0     72     43     12     40     31     26     37 ]
C  [    36     23     21     29     44     20      1      0      2      8      1      2     20     21     33     15     19 ]
G  [    14     40      8     21      2      1      8      2      0      1     20     44     29     13     21     27     23 ]
T  [    18     17     29     21     43     72      0      3     95     91      6     11     39     25     15     33     21 ]
>PH0134.1	Pbx1
A  [    21      6     59     12     37     11     86      3      3     93     74     31     32     39     36     26     37 ]
C  [    28     49      3     40     39     73      2      1     95      3      6      5     32     14     14     29     35 ]
G  [    15     15     14      9     11      9      7      1      1      2      3      6     15      9     15     24     21 ]
T  [    36     29     23     39     13      7      5     95      1      2     17     58     21     38     36     21      7 ]
>PH0135.1	Phox2a
A  [    17     30     21     30     68      3      0     97     99      1      0     88     29      5     33     26 ]
C  [    32     22     24     38     12     35     11      1      0      0      0      1      4     25     18     28 ]
G  [    23     28     30      8     15      2      0      1      1      0      2     10     60     21     33     39 ]
T  [    28     21     25     23      5     60     88      1      0     99     97      1      8     49     16      8 ]
>PH0136.1	Phox2b
A  [    27     31     17     60     58      5      2     97     98      1      0     94     78      6     38     21     16 ]
C  [    38     20     22     15     20     15      4      1      0      1      2      0      1     32      9     28     17 ]
G  [    28     36     31      9     20      1      0      2      1      0      1      4     15     23     29     30     50 ]
T  [     7     13     30     15      2     78     94      0      1     98     97      2      5     39     24     22     16 ]
>PH0137.1	Pitx1
A  [    21     12     44     28     45     19      4      1     96      0      1     91     72     33     46     48     26 ]
C  [    25     17     19     15      5      4      0      0      4      0      1      0      2     49      7     21     25 ]
G  [    17     35     29     42     39     73     95     99      0      0      0      0     20      6     24     14     20 ]
T  [    38     36      8     15     11      3      0      1      0     99     99      8      6     12     23     17     29 ]
>PH0138.1	Pitx2
A  [    24     24     39     46     29     11      1     95      0      1     90     70      9     26     38     28     19 ]
C  [    23      8     13     17     10      0      0      5      1      1      0      4     16     32     13     17     43 ]
G  [    26     41     22     27     56     89     98      0      0      0      0     19      9     11     25     21     10 ]
T  [    27     27     26     10      5      0      1      0     99     98     10      7     65     31     24     34     28 ]
>PH0139.1	Pitx3
A  [    38     19      7     17      2      0     96      0      1     98     18      5     16     34     15     13 ]
C  [    23     13     23      3      0      0      4      1      1      0      4     77     16     14     34     55 ]
G  [    32     54     65     76     98     99      0      0      0      0     54     12     22     36     33     20 ]
T  [     7     13      6      4      0      0      0     99     99      2     24      6     46     16     17     13 ]
>PH0140.1	Pknox1
A  [    44     43     32      5     92      4      2      0      1      2      0     99     68     33     29     20 ]
C  [     9      6     28     29      1     58     97      3      0      1     99      0      8     11     42     47 ]
G  [    17     36     21     52      4     34      1      0     99      0      0      0      4      7     19     17 ]
T  [    31     14     18     14      2      4      0     97      0     97      1      0     21     49     11     15 ]
>PH0141.1	Pknox2
A  [    43     60     26      3     61      3      2      0      0      1      0     98     59     21     30     16 ]
C  [    20     10     20     44      3     55     97      4      0      1     99      0     20     16     26     27 ]
G  [    16     17     42     35     35     41      0      0     99      0      0      2      5      5     18     22 ]
T  [    21     13     12     18      1      1      1     96      0     98      1      0     16     58     26     36 ]
>PH0142.1	Pou1f1
A  [    30     39     27      9     80     89      6      3     93     92      5      8     79     43     24     22     15 ]
C  [    14     24     19      5     10      4      1      2      2      1      2      2      9     11     19     14     48 ]
G  [    33     26     20     21      2      2      1      2      2      1      4     10      2     21     33     20     18 ]
T  [    24     12     34     65      8      5     92     93      3      6     89     80     10     25     24     44     18 ]
>PH0143.1	Pou2f1
A  [    31     17     31     30     45     32      4     89     98      1      2     93     49     11     21     51 ]
C  [    14     21     12     24     10     24      1      9      0      0      2      1      5     17     18      5 ]
G  [    28     13     31      9     31      2      0      1      0      0     10      0     32     44      7     12 ]
T  [    27     50     26     37     14     42     95      1      2     98     86      6     15     29     54     32 ]
>PH0144.1	Pou2f2
A  [    14     27     23     13     99      0      1      0     74     89     98      3     20     50     35     41 ]
C  [    27     20     15     10      0      2      0     89      0      0      0      1     12     20     13     24 ]
G  [    21     17     35      3      0      0     92      1      0      1      0      2     27     11     37     22 ]
T  [    38     35     27     75      1     97      7     10     25      9      1     94     41     20     15     14 ]
>PH0145.1	Pou2f3
A  [    16     24     19      9     99      0      0      0     74     91     99      2     15     46     29     41 ]
C  [    20     22     13     12      0      1      0     91      0      0      0      0     16     24     16     24 ]
G  [    20     15     40      4      0      0     94      0      0      1      0      2     29     11     35     18 ]
T  [    44     39     28     75      1     98      6      8     26      8      1     96     40     19     19     16 ]
>PH0146.1	Pou3f1
A  [    38     35     20     10     82     91      5      3     94     93      3      4     81     66     12     20     27 ]
C  [    13     26     27      5     13      3      1      1      2      1      2      2     11     10     20     12     28 ]
G  [    29     25     21     17      2      2      1      2      1      1      3     13      1     16     33     14     22 ]
T  [    19     15     31     68      4      3     93     94      3      5     91     82      8      8     35     54     23 ]
>PH0147.1	Pou3f2
A  [    15     29     23     69     62      7      1     97     98      1      1     96     36      9     25     24     28 ]
C  [    26     19     11      7     14     24      3      1      0      0      1      2      2     16     14     26     15 ]
G  [    45     23     22     11     10      0      1      0      0      0      5      1     53     27     28     21     36 ]
T  [    14     29     44     13     14     68     95      1      1     98     94      2      9     48     34     30     22 ]
>PH0148.1	Pou3f3
A  [    40     64     31     34      9     80      1      2      9     98      3     89     67     17     34     37     60 ]
C  [    18     10     16     10     10      8      5      0     91      0      1      1      6      9     13     12      7 ]
G  [    13      9     31     27      3      3      0     95      0      1      1      1      1     23     27     24     10 ]
T  [    28     18     23     29     77     10     94      3      1      0     95      8     26     50     25     27     24 ]
>PH0149.1	Pou3f4
A  [    33     33     21     12     84     92      6      3     95     92      3      6     82     48     25     21     16 ]
C  [    13     27     20      7      8      3      1      1      2      1      2      2      7     16     18     13     48 ]
G  [    29     24     18     22      2      2      1      2      1      1      3      8      1     20     26     17     16 ]
T  [    24     16     41     59      6      3     92     95      3      6     92     84      9     17     31     49     20 ]
>PH0150.1	Pou4f3
A  [    38     29     18     25     93      1      2     97     99      1      6     94     31      8     22     19 ]
C  [    20     23      7     22      1      2      0      0      0      1      1      3     12     11     27     55 ]
G  [    16     35     19      1      1      0      0      0      0      0     56      1     35     50      6      6 ]
T  [    26     13     55     52      5     97     98      3      1     98     37      2     22     32     45     21 ]
>PH0151.1	Pou6f1_1
A  [    28     43     28     19     50      1     98     99      0      1     99      1      8     21     17     24     30 ]
C  [    28     24     30     27      7      0      0      0      0      0      0      1     40     13     15     17     32 ]
G  [    34      8     22     46      2      0      0      0      0     70      0     96     40      3     30     38     16 ]
T  [    10     25     21      9     42     98      1      1     99     29      0      3     12     64     38     21     23 ]
>PH0152.1	Pou6f1_2
A  [    38     35     36     23     76      1     98     99      0      1     99      0      9     16     16     15     24 ]
C  [    21     31     23     35      5      0      0      0      0      0      0      0     29     14     12     15     45 ]
G  [    30      8     17     31      2      0      0      0      0     80      0     97     53      3     28     41     14 ]
T  [    11     27     25     11     18     98      1      0     99     19      0      3      8     66     44     28     18 ]
>PH0153.1	Prop1
A  [    24     21     36     47      2      1     98     98      1      1     95     82     16     45     31     35     14 ]
C  [    38     19     25     18     16      3      1      0      1      1      0      1     16     11     18     18     53 ]
G  [    21     47     22     25      1      0      1      1      0      1      3     16     35     18     25     24     10 ]
T  [    16     13     17     10     82     95      1      1     98     98      1      2     33     26     26     23     23 ]
>PH0154.1	Prrx1
A  [    25     14     55     64      3      1     98     99      0      0     95     49      3      9     40     20      5 ]
C  [    27     15     22     10     63      8      1      0      1      1      0      5     48      6     17     39     18 ]
G  [    31     27     10     20      3      0      1      1      0      0      4     43     16     11     25     25     17 ]
T  [    16     44     13      6     30     90      0      0     99     98      2      3     33     74     19     16     60 ]
>PH0155.1	Prrx2
A  [    58     32     41     28      2      0     99     99      1      0     88     26      3     18     44     42     30 ]
C  [     4     26     28      9     70     12      0      0      1      1      0      1     54     17     15     15     20 ]
G  [    12     25     11     56      1      0      1      1      0      0     12     70      4     41     26     18     26 ]
T  [    26     17     20      8     26     88      0      1     99     99      0      2     40     23     16     25     24 ]
>PH0156.1	Rax
A  [    41     16     15     47      2      1     98     98      0      0     74     42      6      7     17     36     21 ]
C  [     6     28     53     18     53     25      1      0      1      1      0      3     55     29     43     34     32 ]
G  [     9     51     16     21      3      0      1      1      0      1     25     53      6     41     35     23     16 ]
T  [    44      5     16     15     42     74      0      0     98     98      1      2     33     23      4      7     30 ]
>PH0157.1	Rhox11_1
A  [    54     33     17     30     13      3      9      1      4      1     56     78     52     31     24     31     41 ]
C  [    13     28     11     28     56      1     76      0      0      1      0      4     10     11     36     16     13 ]
G  [    15     23     38     23      6     95     15      1     94      0      0      3      1     33     28     43     10 ]
T  [    18     17     33     19     25      1      0     99      2     99     43     15     36     24     12     10     35 ]
>PH0158.1	Rhox11_2
A  [    50     28     18     33     14      4      9      1      3      1     60     80     53     24     21     28     42 ]
C  [    14     24     10     27     56      1     78      0      0      1      1      3     10     13     29     19     15 ]
G  [    14     30     38     19      7     93     13      1     95      0      0      3      2     40     35     44      9 ]
T  [    22     17     33     21     23      2      0     98      2     98     39     14     35     23     15      9     33 ]
>PH0159.1	Rhox6
A  [    36     31     24     28      8      3     86     93      0      7     93     52      7      8     10     25     21 ]
C  [     5     21     43     39     36      3      5      3      3      1      1      4     22     23     40     24     34 ]
G  [     5     40     15     18      4      1      1      3      3      5      3     36     12     42     39     24     14 ]
T  [    54      8     19     15     52     93      7      0     93     86      3      8     59     27     10     27     30 ]
>PH0160.1	Shox2
A  [    20     19     32     25      2      2     97     98      1      0     92     54     20     12     31     25     12 ]
C  [    42     16     35     27     42      6      1      0      1      2      0      2     15     26     21     17     31 ]
G  [    23     33     16     29      2      0      2      1      0      1      6     42     25     20     36     27     33 ]
T  [    14     32     17     20     54     92      0      1     98     97      2      2     41     42     12     31     23 ]
>PH0161.1	Six1
A  [    32     48     21     39     22      4     20      0     96      0      1     91     18     23     33     16     18 ]
C  [    13     21      9     14      5      5      1      0      0      0     97      2     27     16     16     27      7 ]
G  [    40      9     21     40     69     87     79      5      3      0      0      4     12     30     12     28     23 ]
T  [    15     22     49      7      5      4      0     94      0     99      1      3     43     31     39     29     53 ]
>PH0162.1	Six2
A  [    45     59     19     30     12      1     13      0     96      0      1     90     17     25     34     23     17 ]
C  [    10     12      4     11      4      3      0      0      0      0     98      2     51     17      8     27      8 ]
G  [    29      9     26     52     80     92     87      5      4      0      0      5      8     29      6     22     22 ]
T  [    16     21     51      7      4      4      0     95      0     99      1      2     25     29     52     28     52 ]
>PH0163.1	Six3
A  [    33     72     23     47      7      2     16      0     97      0      1     92     19     25     40     34      8 ]
C  [     9      8      5     10      7      2      1      0      0      0     97      3     45     23      8     22     11 ]
G  [    36      8     17     32     82     90     83      4      3      0      0      3      9     20     11     18     24 ]
T  [    21     12     55     10      4      7      0     95      0     99      1      2     27     32     40     27     58 ]
>PH0164.1	Six4
A  [    52     19     41     35     61      2      1     99      1     97      1      0     21     34     13     17     41 ]
C  [    17     18     12     29     12      3      0      1     81      3     99     97     23     30     29     30     21 ]
G  [    14     25     31     13     10      2     96      0      1      0      0      1     21     10     25     25     30 ]
T  [    17     39     16     23     17     94      2      0     17      0      0      2     35     26     34     28      8 ]
>PH0165.1	Six6_1
A  [    33     61     18     43     13      2     14      0     97      0      1     95     37     27     29     35      9 ]
C  [    12     10      5     17      4      3      1      0      0      0     98      1     31     21     13     20     11 ]
G  [    28      7     13     32     81     91     85      5      3      0      0      2      6     22      9     18     19 ]
T  [    27     22     64      7      2      3      0     95      0     99      1      3     26     31     48     27     60 ]
>PH0166.1	Six6_2
A  [    36     42     28     46     19      4     20      1     97      0      2     93     41     22     41     21      9 ]
C  [    10     11     11     14      4      2      2      0      0      0     96      2     14     24     13     27     16 ]
G  [    35     16     18     30     73     89     78      3      2      0      1      1     10     21      8     11     22 ]
T  [    20     32     43     10      5      4      0     97      1     99      2      4     35     34     37     41     53 ]
>PH0167.1	Tcf1
A  [    16     10      4     20     36      8      9      2     97     97      2      5     54     67     45     44     11 ]
C  [    35     49     19     24     15     10     11      1      0      0     90     24      4     14     16     16     24 ]
G  [    14     26     35     21     36     74      1      0      0      1      6      3     23     11     17     23     29 ]
T  [    34     15     42     35     13      9     80     97      2      2      2     67     19      9     22     17     36 ]
>PH0168.1	Hnf1b
A  [    31     16     14     17      6      6      1     96     98      1      1     90     28     16     22      5     15 ]
C  [    14     18     40     19      5      3      1      0      1     95     15      1     13     36     34     32     16 ]
G  [    26     37     14     29     84      2      0      0      0      1      2      3     56     21     12     38     15 ]
T  [    28     29     32     34      5     89     98      3      1      3     82      6      3     26     32     25     53 ]
>PH0169.1	Tgif1
A  [    27     55     11     56     34      1      0     96      0     98      2      4      6     20     22      9     32 ]
C  [    16     12     21      5      7      0      0      0     99      0      0     73     10     26     35     21     14 ]
G  [    28     17     28      5     11      0     99      0      0      2     97     20     13     41     27     40     20 ]
T  [    28     16     40     33     48     99      0      4      0      0      1      4     70     13     15     31     34 ]
>PH0170.1	Tgif2
A  [    52     61     19     11     91      7      2      0      1      2      0     99     78     38     46     22 ]
C  [    14      8     33     30      1     16     97      2      0      0     99      0      6      9     29     44 ]
G  [    11     14     25     22      5     69      0      0     99      0      0      0      4      9     15     22 ]
T  [    23     17     24     37      3      8      1     98      0     97      0      1     13     44     10     12 ]
>PH0171.1	Nkx2-1
A  [    14     40     68     14      7      0     90      2      0      1     19     88     45     34     21     17 ]
C  [    32     23      4     20     83     88      2     98      0     16     12      0     33     32     12     15 ]
G  [    15     23     18     47      9      0      0      0      0      0     67      1     18      7      5      5 ]
T  [    39     13     10     19      1     12      8      0     99     83      2     10      3     27     62     63 ]
>PH0172.1	Tlx2
A  [    11     61     62     21     21     75     79      4      4     92     81     17     63     55     18     29     40 ]
C  [    20      8      7     10     31      6      3      4      4      1      3      6      5      9     39     10      6 ]
G  [    28      5     22     14      6      6      4      2      1      5      3      4      8     22      9     10     14 ]
T  [    42     27      9     55     42     12     14     91     91      2     13     73     24     13     33     51     40 ]
>PH0173.1	Uncx
A  [    30     35     23     48     63      1      1     98     98      1      0     93     83     15     18     17     13 ]
C  [    31     21     17     16     17     15      6      1      0      1      1      0      1     36     18     37     15 ]
G  [    27     23     13     20     11      1      0      1      1      0      1      6     15     22     47     31     56 ]
T  [    11     21     47     16      9     83     93      0      1     98     98      1      1     27     17     16     17 ]
>PH0174.1	Vax1
A  [    50     19     22     16      1     89     96      2      1     87     35     12     19     23     65     20 ]
C  [    24     34     13     15     12     10      1      0      0      0     25     53     37     40      8     10 ]
G  [    18     33     53     15      0      0      0      1     10     12     34     13      9     12     13     51 ]
T  [     8     13     12     54     87      1      2     96     89      1      6     22     35     26     15     19 ]
>PH0175.1	Vax2
A  [    16     32     26     17     53      6      1     88     98      1      0     93     50      8     34     17 ]
C  [    24     16     26     43     13     56     11     11      0      0      0      0     19     23     21     58 ]
G  [    31     19     27     21     26     12      0      0      0      0      2      3     25     41     31     17 ]
T  [    30     33     21     18      8     25     88      0      1     99     98      3      6     28     13      9 ]
>PH0176.1	Vsx1
A  [    23     15     50     37      6      1     98     98      1      0     90     63     14     33     56     24     15 ]
C  [    53     33     23      6     29     10      1      0      1      0      0      1     28     19     24     23     19 ]
G  [    11     38      9     49      1      0      0      1      0      1     10     29     12     26     14     18     17 ]
T  [    14     13     18      8     63     90      0      1     98     98      1      6     46     23      7     36     49 ]
