>PL0001.1	hlh-11
A  [    32     25     22     24     73     20      2     94      1      4      2      1     60     14     18     21 ]
C  [    15     31     27     14      7      7     94      1      4     88      6      1      2     20     41     16 ]
G  [    18     12     19     40     16      1      1      1     90      5      1     93     12     20     26     34 ]
T  [    34     31     30     20      2     70      1      2      3      1     89      4     24     44     13     28 ]
>PL0002.1	hlh-2::hlh-3
A  [    32     32     17     49     44      0     98      0      0      0      0      0      5     35     42     21     22 ]
C  [    28     13     18      6     41     98      0     84     98      0      0     84     24     22     21     25     33 ]
G  [    23     36     24     29     12      0      0      2      0      0     98      3      7     19     21     12     14 ]
T  [    15     17     39     14      0      0      0     12      0     98      0     11     61     22     14     39     29 ]
>PL0003.1	hlh-2::cnd-1
A  [    33     16     23     66     72      6     94      1     19      4      3      2      7     22     36     40 ]
C  [    32     26     12     18     18     87      1      3     75      0      1      9     49     29     21     16 ]
G  [    12     38     34      7      5      2      1     60      2      1     90     11     18     11     18     19 ]
T  [    21     18     29      7      3      3      2     34      1     93      4     77     24     36     24     23 ]
>PL0004.1	hlh-27
A  [    43     13     33      1     23      0     16      0      0      0      0      0      7     39     26 ]
C  [    14     17      9     94      5     91      0      0      0      0     94     86     61     19     17 ]
G  [    25     30     51      1     65      0     83      0     98      5      0      1     12     14     28 ]
T  [    16     38      4      1      5      7      0     98      0     93      4     10     19     26     27 ]
>PL0005.1	hlh-30
A  [    38     21     36     61      5      0     94      0     13      2      1     83      0     36     38     28     21 ]
C  [    18     24     11      4      6     96      1     85      0      1      0      4     63     21     19     10     25 ]
G  [    16     30     20     23      4      0      1      0     85      1     96      6      0     14     18     22     24 ]
T  [    26     22     31     10     83      1      2     13      0     94      0      5     34     26     23     39     29 ]
>PL0006.1	hlh-2::lin-32
A  [    28     39     24     47     64      1     97      0     19      0      0      0      5     24     22     21 ]
C  [    28     29     15     23     28     98      0     16     63      1      0      6     38     35     24     33 ]
G  [    17     18     35     22      6      0      1     63     16      0     98     28      7     17     15     24 ]
T  [    26     12     23      7      0      0      0     19      0     97      1     64     48     22     37     19 ]
>PL0007.1	mxl-3
A  [    17     28     25     67     27      3     97      0      4      1      0      2     13     13     25     31 ]
C  [    32     19     14      8     60     95      0     95      0      1      0      9     22     38     27     10 ]
G  [    19     29     30     16      9      0      1      0     95      0     95     60      9     14     21     36 ]
T  [    30     22     29      7      2      0      1      4      0     97      3     27     54     32     24     21 ]
>PL0008.1	hlh-29
A  [    22     28     33     26      5     82      2      3      0     46      1      3      2      5     30     30     41 ]
C  [    29     15     10     31     54      0     92      0     85      0      1      1      1     47     32     23     10 ]
G  [    23     18     38     10     13     15      0     95      0     52      0     93     49      4     11     17     23 ]
T  [    24     36     17     31     27      1      4      0     13      0     97      1     46     41     26     28     23 ]
>PL0009.1	hlh-26
A  [    23     41     29     18     42      0     82      0      2      1      0      1      5     24     32     34     30 ]
C  [    23     14     20      7      1     95      1     97      0      3      0     19     67     31     18     22      9 ]
G  [    24     22     19     53     55      0     11      0     95      0     97      2      3     17     17     21     20 ]
T  [    29     21     30     20      0      2      4      1      0     94      1     75     23     25     31     20     39 ]
>PL0010.1	hlh-2::hlh-19
A  [    21     23     17     53     56      3     94      1     10      3      2      2      8     40     25     26 ]
C  [    12     23     10     12     32     93      1      9     51      2      1      6     38     39     32     25 ]
G  [    31     24     23     25      8      1      2     63     36      0     92     33     14      7     17     23 ]
T  [    33     27     47      8      3      1      1     25      0     92      4     57     39     12     24     24 ]
>PL0011.1	hlh-2::hlh-4
A  [    44     53     28     53     22      0     98      0      0      0      0      0      8     25     36     24     16 ]
C  [    23      8      9      0     29     98      0     92     99      0      0     69     17     28     18     23     30 ]
G  [    18     26      7      1     18      0      0      5      0      0     98      4      6     19     23     18     21 ]
T  [    13     11     54     43     28      0      0      2      0     99      0     25     67     27     21     33     31 ]
>PL0012.1	hlh-2::hlh-8
A  [    33     14     39     63     77      2     96      0     35      1      0      1     13     28     14     28 ]
C  [    21     30     28     16     16     95      1      6     57      1      1      2     21     19     18     39 ]
G  [    22     22     17     11      4      0      1      5      6      0     95     77      8     23     25     13 ]
T  [    22     32     13      8      1      1      1     87      0     95      2     18     56     28     41     18 ]
>PL0013.1	hlh-2::hlh-15
A  [    32     25     46     21      1     94      0      5      1      0      5      9     13     16     29      7 ]
C  [    15     22     40     38     95      0     38     78      1      1     26      3     40     55     50     12 ]
G  [    35     33      6     34      0      0     54     13      1     95     42     71     24     12     12     19 ]
T  [    16     18      6      5      1      4      6      1     96      2     25     15     21     15      6     60 ]
>PL0014.1	mxl-1::mdl-1
A  [    16     30     28     45      7      0     98      0      2      0      0     10     11     45     32     19 ]
C  [    22     18     11     12     42     98      0     96      0      1      0     42     19     18     19     29 ]
G  [    15     23     27     23     42      0      0      0     97      0     98     41     32     18     17     25 ]
T  [    45     27     33     17      7      0      1      3      0     98      0      5     36     17     30     25 ]
>PL0015.1	hlh-2::hlh-14
A  [    23     20     56     63      1     97      0      2      0      0      0      2     34     34     28     49 ]
C  [    25     19     11     15     96      0     41     95      0      0     14     72     27     25     15     16 ]
G  [    24     25     17     19      0      0     32      1      0     97      8      2     27     21     27     13 ]
T  [    26     34     14      2      0      1     25      0     97      1     76     22     10     18     28     21 ]
>PL0016.1	ref-1
A  [    34     26     51     34     22     22      0     96      0      1      0      0      0     21     30     33     49 ]
C  [    13     31     17     22      3      7     97      0     96      0      2      0     45     47     19      7     13 ]
G  [    15     22     10     15     67     68      0      2      0     97      1     97      9     10     16     20     14 ]
T  [    36     19     20     27      6      1      0      0      2      0     95      0     44     21     33     38     22 ]
>PL0017.1	hlh-2::hlh-10
A  [    21     24     20     16     74     81      0     99      0      1      0      0      1     11     21     16     33 ]
C  [    32     30     15     24     13      8     99      0      0     15      0      0     23     19     35     24     18 ]
G  [    23     16     39     30      9      9      0      0     98     83      0     98     38     24     25     29     28 ]
T  [    23     27     24     28      2      0      0      0      0      0     99      0     37     44     17     29     19 ]
>PL0018.1	hlh-25
A  [    38     32     13     39      0     21      0     15      0      0      0      0      1     10     31     22 ]
C  [    18     18     17      4     97      1     88      0      0      0      0     94     84     52     23     14 ]
G  [    25     31     48     53      0     75      0     84      0     99     10      0      1      8     16     31 ]
T  [    17     16     20      2      0      2     10      0     98      0     89      4     12     28     28     30 ]
>PL0019.1	hlh-1
A  [    16     21     25     70      2     92     12      1      1      1     16      2     30     35     33     31 ]
C  [     9     31      7      6     92      1     13     71      3      2      7     64     12     17     19     21 ]
G  [    35     34     64     11      2      3     71     13      1     92      3      7     44     19     35     35 ]
T  [    37     13      2     11      1      1      1     12     92      2     71     25     12     27     11     10 ]
