AC SA0001.1
XX
ID at_AC_acceptor
XX
DE SA0001.1 at_AC_acceptor ; From JASPAR 2018
PO	A	C	G	T
01	10561.0	18956.0	9777.0	31500.0
02	9690.0	18907.0	9552.0	32645.0
03	8978.0	19614.0	9076.0	33126.0
04	8163.0	19447.0	8685.0	34499.0
05	7470.0	19246.0	8295.0	35783.0
06	6736.0	19301.0	7454.0	37303.0
07	6218.0	18138.0	7277.0	39161.0
08	6281.0	19520.0	7669.0	37324.0
09	7189.0	20437.0	8063.0	35105.0
10	7841.0	22549.0	7381.0	33023.0
11	8272.0	23287.0	6449.0	32786.0
12	6225.0	23815.0	4550.0	36204.0
13	6463.0	20443.0	4464.0	39424.0
14	17046.0	19025.0	14183.0	20540.0
15	4235.0	44803.0	144.0	21612.0
16	70794.0	0.0	0.0	0.0
17	0.0	0.0	70794.0	0.0
18	18462.0	10023.0	34299.0	8010.0
19	17439.0	13338.0	13564.0	26453.0
20	18839.0	16237.0	16353.0	19365.0
XX
//
AC SA0002.1
XX
ID at_AC_acceptor
XX
DE SA0002.1 at_AC_acceptor ; From JASPAR 2018
PO	A	C	G	T
01	79.0	136.0	72.0	261.0
02	81.0	140.0	84.0	243.0
03	68.0	138.0	68.0	274.0
04	79.0	154.0	70.0	245.0
05	72.0	139.0	64.0	273.0
06	51.0	148.0	57.0	292.0
07	44.0	128.0	57.0	319.0
08	52.0	145.0	60.0	291.0
09	48.0	152.0	66.0	282.0
10	75.0	183.0	64.0	226.0
11	67.0	184.0	44.0	253.0
12	52.0	186.0	37.0	273.0
13	53.0	145.0	32.0	318.0
14	131.0	132.0	114.0	171.0
15	20.0	353.0	3.0	172.0
16	548.0	0.0	0.0	0.0
17	0.0	0.0	548.0	0.0
18	159.0	61.0	283.0	45.0
19	149.0	101.0	91.0	207.0
20	150.0	118.0	125.0	155.0
XX
//
AC SA0003.1
XX
ID at_AC_acceptor
XX
DE SA0003.1 at_AC_acceptor ; From JASPAR 2018
PO	A	C	G	T
01	4.0	27.0	4.0	24.0
02	2.0	29.0	3.0	25.0
03	9.0	16.0	1.0	33.0
04	11.0	10.0	3.0	35.0
05	18.0	10.0	8.0	23.0
06	27.0	12.0	3.0	17.0
07	14.0	24.0	2.0	19.0
08	15.0	20.0	6.0	18.0
09	11.0	18.0	12.0	18.0
10	12.0	18.0	5.0	24.0
11	14.0	12.0	10.0	23.0
12	14.0	24.0	6.0	15.0
13	4.0	17.0	8.0	30.0
14	9.0	14.0	10.0	26.0
15	6.0	30.0	0.0	23.0
16	59.0	0.0	0.0	0.0
17	0.0	59.0	0.0	0.0
18	13.0	19.0	12.0	15.0
19	3.0	11.0	9.0	36.0
20	17.0	6.0	10.0	26.0
XX
//
AC SD0001.1
XX
ID at_AC_acceptor
XX
DE SD0001.1 at_AC_acceptor ; From JASPAR 2018
PO	A	C	G	T
01	24656.0	24718.0	12917.0	8503.0
02	45676.0	7302.0	7650.0	10166.0
03	7429.0	2001.0	56278.0	5086.0
04	0.0	0.0	70794.0	0.0
05	0.0	0.0	0.0	70794.0
06	44389.0	1772.0	22535.0	2098.0
07	49240.0	5118.0	7841.0	8595.0
08	6493.0	3882.0	54594.0	5825.0
09	13000.0	10055.0	12888.0	34851.0
10	21905.0	13156.0	19652.0	16081.0
11	16521.0	16887.0	15941.0	21445.0
XX
//
AC SD0002.1
XX
ID at_AC_acceptor
XX
DE SD0002.1 at_AC_acceptor ; From JASPAR 2018
PO	A	C	G	T
01	223.0	197.0	95.0	33.0
02	461.0	17.0	20.0	50.0
03	15.0	1.0	524.0	8.0
04	0.0	0.0	548.0	0.0
05	0.0	548.0	0.0	0.0
06	504.0	11.0	23.0	10.0
07	449.0	16.0	48.0	35.0
08	9.0	9.0	525.0	5.0
09	39.0	41.0	43.0	425.0
10	187.0	74.0	196.0	91.0
11	108.0	137.0	119.0	184.0
XX
//
AC SD0003.1
XX
ID at_AC_acceptor
XX
DE SD0003.1 at_AC_acceptor ; From JASPAR 2018
PO	A	C	G	T
01	20.0	13.0	12.0	14.0
02	26.0	11.0	7.0	15.0
03	15.0	14.0	23.0	7.0
04	59.0	0.0	0.0	0.0
05	0.0	0.0	0.0	59.0
06	56.0	0.0	3.0	0.0
07	7.0	1.0	1.0	50.0
08	0.0	49.0	9.0	1.0
09	1.0	49.0	0.0	9.0
10	7.0	2.0	1.0	49.0
11	1.0	4.0	2.0	52.0
XX
//
