AC PH0001.1
XX
ID Alx3
XX
DE PH0001.1 Alx3 ; From JASPAR 2018
PO	A	C	G	T
01	30.0	3.0	13.0	54.0
02	37.0	20.0	24.0	19.0
03	41.0	18.0	16.0	25.0
04	53.0	15.0	23.0	8.0
05	4.0	48.0	1.0	47.0
06	0.0	8.0	0.0	91.0
07	99.0	1.0	0.0	0.0
08	99.0	0.0	1.0	0.0
09	0.0	1.0	0.0	99.0
10	0.0	0.0	1.0	99.0
11	91.0	0.0	8.0	0.0
12	47.0	1.0	48.0	4.0
13	8.0	44.0	5.0	42.0
14	7.0	15.0	10.0	68.0
15	24.0	27.0	34.0	15.0
16	43.0	19.0	14.0	24.0
17	26.0	25.0	29.0	20.0
XX
//
AC PH0002.1
XX
ID Alx4
XX
DE PH0002.1 Alx4 ; From JASPAR 2018
PO	A	C	G	T
01	16.0	59.0	15.0	11.0
02	10.0	24.0	56.0	10.0
03	19.0	44.0	16.0	21.0
04	40.0	15.0	29.0	16.0
05	2.0	34.0	1.0	62.0
06	1.0	8.0	0.0	92.0
07	99.0	1.0	1.0	0.0
08	98.0	0.0	1.0	1.0
09	1.0	1.0	0.0	98.0
10	0.0	1.0	1.0	99.0
11	92.0	0.0	8.0	1.0
12	62.0	1.0	34.0	2.0
13	17.0	23.0	18.0	42.0
14	29.0	28.0	13.0	30.0
15	36.0	23.0	19.0	22.0
16	23.0	29.0	25.0	23.0
17	12.0	43.0	21.0	24.0
XX
//
AC PH0003.1
XX
ID Arx
XX
DE PH0003.1 Arx ; From JASPAR 2018
PO	A	C	G	T
01	24.0	22.0	40.0	14.0
02	13.0	16.0	19.0	52.0
03	16.0	37.0	29.0	19.0
04	22.0	56.0	13.0	10.0
05	50.0	6.0	38.0	7.0
06	1.0	38.0	1.0	60.0
07	1.0	13.0	0.0	86.0
08	98.0	0.0	0.0	1.0
09	99.0	0.0	1.0	1.0
10	1.0	1.0	0.0	99.0
11	1.0	0.0	0.0	98.0
12	86.0	0.0	13.0	1.0
13	60.0	1.0	38.0	1.0
14	16.0	16.0	14.0	54.0
15	18.0	11.0	44.0	27.0
16	9.0	36.0	37.0	18.0
17	53.0	10.0	7.0	30.0
XX
//
AC PH0004.1
XX
ID Nkx3-2
XX
DE PH0004.1 Nkx3-2 ; From JASPAR 2018
PO	A	C	G	T
01	30.0	35.0	24.0	11.0
02	36.0	23.0	7.0	34.0
03	23.0	14.0	14.0	49.0
04	56.0	16.0	20.0	8.0
05	51.0	13.0	11.0	25.0
06	5.0	68.0	26.0	1.0
07	0.0	90.0	0.0	10.0
08	95.0	0.0	0.0	5.0
09	4.0	96.0	0.0	0.0
10	0.0	1.0	0.0	99.0
11	0.0	5.0	0.0	95.0
12	93.0	1.0	0.0	6.0
13	64.0	4.0	15.0	18.0
14	27.0	34.0	28.0	11.0
15	31.0	25.0	24.0	20.0
16	55.0	19.0	12.0	14.0
17	19.0	33.0	17.0	31.0
XX
//
AC PH0005.1
XX
ID Barhl1
XX
DE PH0005.1 Barhl1 ; From JASPAR 2018
PO	A	C	G	T
01	47.0	21.0	14.0	18.0
02	61.0	12.0	14.0	13.0
03	28.0	42.0	13.0	17.0
04	75.0	7.0	14.0	5.0
05	72.0	2.0	22.0	3.0
06	8.0	61.0	18.0	13.0
07	1.0	76.0	0.0	23.0
08	95.0	1.0	3.0	1.0
09	89.0	1.0	0.0	10.0
10	0.0	0.0	0.0	99.0
11	1.0	1.0	0.0	99.0
12	98.0	0.0	0.0	2.0
13	55.0	3.0	33.0	9.0
14	12.0	19.0	33.0	36.0
15	27.0	18.0	23.0	32.0
16	22.0	42.0	14.0	22.0
XX
//
AC PH0006.1
XX
ID Barhl2
XX
DE PH0006.1 Barhl2 ; From JASPAR 2018
PO	A	C	G	T
01	46.0	22.0	12.0	19.0
02	57.0	18.0	8.0	16.0
03	51.0	30.0	5.0	14.0
04	78.0	4.0	13.0	5.0
05	91.0	2.0	7.0	1.0
06	19.0	44.0	17.0	20.0
07	0.0	94.0	0.0	6.0
08	95.0	0.0	4.0	1.0
09	96.0	1.0	0.0	3.0
10	0.0	0.0	0.0	99.0
11	0.0	0.0	0.0	99.0
12	99.0	0.0	0.0	1.0
13	73.0	2.0	14.0	11.0
14	10.0	33.0	35.0	22.0
15	39.0	21.0	15.0	25.0
16	32.0	27.0	12.0	28.0
XX
//
AC PH0007.1
XX
ID Barx1
XX
DE PH0007.1 Barx1 ; From JASPAR 2018
PO	A	C	G	T
01	50.0	26.0	9.0	14.0
02	49.0	24.0	12.0	16.0
03	53.0	6.0	39.0	3.0
04	18.0	30.0	44.0	8.0
05	1.0	46.0	0.0	53.0
06	93.0	5.0	2.0	0.0
07	98.0	1.0	0.0	0.0
08	0.0	0.0	1.0	98.0
09	0.0	2.0	5.0	93.0
10	53.0	0.0	46.0	1.0
11	6.0	39.0	40.0	15.0
12	3.0	39.0	6.0	53.0
13	25.0	21.0	30.0	25.0
14	38.0	23.0	16.0	23.0
15	56.0	8.0	15.0	21.0
16	31.0	14.0	8.0	46.0
XX
//
AC PH0008.1
XX
ID Barx2
XX
DE PH0008.1 Barx2 ; From JASPAR 2018
PO	A	C	G	T
01	19.0	15.0	15.0	51.0
02	51.0	17.0	12.0	20.0
03	63.0	11.0	23.0	2.0
04	11.0	20.0	39.0	31.0
05	1.0	27.0	0.0	72.0
06	96.0	3.0	0.0	1.0
07	98.0	1.0	0.0	1.0
08	1.0	0.0	1.0	98.0
09	1.0	0.0	3.0	96.0
10	72.0	0.0	27.0	1.0
11	27.0	23.0	35.0	15.0
12	2.0	23.0	11.0	63.0
13	10.0	10.0	38.0	42.0
14	34.0	10.0	32.0	24.0
15	18.0	20.0	11.0	52.0
16	38.0	11.0	33.0	17.0
XX
//
AC PH0009.1
XX
ID Bsx
XX
DE PH0009.1 Bsx ; From JASPAR 2018
PO	A	C	G	T
01	30.0	36.0	28.0	6.0
02	42.0	27.0	25.0	7.0
03	28.0	7.0	50.0	16.0
04	21.0	13.0	45.0	22.0
05	1.0	45.0	0.0	54.0
06	92.0	5.0	2.0	0.0
07	98.0	1.0	0.0	0.0
08	0.0	0.0	1.0	98.0
09	0.0	2.0	5.0	92.0
10	54.0	0.0	45.0	1.0
11	20.0	32.0	28.0	20.0
12	16.0	50.0	7.0	28.0
13	14.0	19.0	18.0	49.0
14	21.0	37.0	31.0	11.0
15	75.0	5.0	13.0	7.0
16	29.0	12.0	32.0	27.0
XX
//
AC PH0010.1
XX
ID Alx1_1
XX
DE PH0010.1 Alx1_1 ; From JASPAR 2018
PO	A	C	G	T
01	19.0	44.0	17.0	20.0
02	7.0	21.0	65.0	7.0
03	38.0	33.0	14.0	15.0
04	43.0	9.0	31.0	17.0
05	5.0	40.0	2.0	53.0
06	1.0	7.0	0.0	92.0
07	98.0	0.0	1.0	0.0
08	98.0	0.0	1.0	1.0
09	1.0	1.0	0.0	98.0
10	0.0	1.0	0.0	98.0
11	92.0	0.0	7.0	1.0
12	53.0	2.0	40.0	5.0
13	15.0	21.0	11.0	53.0
14	23.0	32.0	16.0	29.0
15	39.0	31.0	12.0	17.0
16	24.0	29.0	23.0	24.0
17	15.0	40.0	14.0	31.0
XX
//
AC PH0011.1
XX
ID Alx1_2
XX
DE PH0011.1 Alx1_2 ; From JASPAR 2018
PO	A	C	G	T
01	17.0	41.0	20.0	22.0
02	33.0	21.0	35.0	10.0
03	29.0	46.0	10.0	14.0
04	32.0	20.0	26.0	21.0
05	2.0	24.0	1.0	74.0
06	1.0	4.0	0.0	95.0
07	98.0	0.0	1.0	0.0
08	98.0	0.0	1.0	1.0
09	1.0	1.0	0.0	98.0
10	0.0	1.0	0.0	98.0
11	95.0	0.0	4.0	1.0
12	74.0	1.0	24.0	2.0
13	16.0	22.0	20.0	43.0
14	17.0	23.0	19.0	40.0
15	24.0	20.0	32.0	23.0
16	26.0	21.0	29.0	25.0
17	27.0	34.0	21.0	18.0
XX
//
AC PH0012.1
XX
ID Cdx1
XX
DE PH0012.1 Cdx1 ; From JASPAR 2018
PO	A	C	G	T
01	29.0	15.0	18.0	38.0
02	39.0	10.0	31.0	20.0
03	40.0	25.0	24.0	11.0
04	14.0	6.0	73.0	7.0
05	13.0	3.0	83.0	1.0
06	1.0	28.0	0.0	71.0
07	49.0	47.0	0.0	4.0
08	82.0	0.0	17.0	0.0
09	1.0	0.0	0.0	99.0
10	74.0	1.0	0.0	25.0
11	92.0	0.0	0.0	8.0
12	94.0	1.0	0.0	5.0
13	64.0	11.0	5.0	19.0
14	16.0	23.0	17.0	43.0
15	14.0	11.0	26.0	49.0
16	36.0	21.0	10.0	33.0
XX
//
AC PH0013.1
XX
ID Cdx2
XX
DE PH0013.1 Cdx2 ; From JASPAR 2018
PO	A	C	G	T
01	31.0	15.0	25.0	29.0
02	36.0	18.0	33.0	14.0
03	30.0	30.0	30.0	10.0
04	19.0	6.0	66.0	9.0
05	17.0	3.0	79.0	0.0
06	0.0	46.0	0.0	53.0
07	58.0	40.0	0.0	2.0
08	97.0	0.0	3.0	0.0
09	1.0	0.0	0.0	99.0
10	88.0	0.0	0.0	12.0
11	95.0	0.0	0.0	5.0
12	94.0	1.0	0.0	5.0
13	57.0	15.0	5.0	23.0
14	17.0	26.0	12.0	44.0
15	14.0	11.0	26.0	49.0
16	22.0	30.0	13.0	35.0
XX
//
AC PH0014.1
XX
ID Cphx
XX
DE PH0014.1 Cphx ; From JASPAR 2018
PO	A	C	G	T
01	34.0	18.0	26.0	22.0
02	3.0	0.0	0.0	96.0
03	4.0	2.0	93.0	1.0
04	98.0	1.0	1.0	1.0
05	4.0	0.0	6.0	90.0
06	10.0	37.0	29.0	24.0
07	22.0	28.0	35.0	15.0
08	54.0	34.0	8.0	4.0
09	95.0	3.0	1.0	1.0
10	1.0	1.0	0.0	99.0
11	0.0	97.0	0.0	2.0
12	95.0	1.0	1.0	3.0
13	61.0	14.0	15.0	10.0
14	36.0	21.0	10.0	33.0
XX
//
AC PH0015.1
XX
ID Crx
XX
DE PH0015.1 Crx ; From JASPAR 2018
PO	A	C	G	T
01	9.0	47.0	13.0	31.0
02	10.0	22.0	38.0	31.0
03	33.0	10.0	14.0	44.0
04	26.0	12.0	17.0	45.0
05	9.0	11.0	73.0	7.0
06	9.0	27.0	60.0	5.0
07	4.0	0.0	95.0	0.0
08	0.0	0.0	99.0	0.0
09	96.0	4.0	0.0	0.0
10	0.0	0.0	0.0	99.0
11	2.0	0.0	0.0	98.0
12	98.0	0.0	0.0	2.0
13	37.0	3.0	40.0	20.0
14	9.0	68.0	10.0	12.0
15	10.0	52.0	23.0	14.0
16	19.0	16.0	25.0	40.0
XX
//
AC PH0016.1
XX
ID Cux1_1
XX
DE PH0016.1 Cux1_1 ; From JASPAR 2018
PO	A	C	G	T
01	59.0	6.0	27.0	7.0
02	11.0	54.0	22.0	14.0
03	16.0	51.0	12.0	21.0
04	23.0	15.0	52.0	9.0
05	29.0	19.0	42.0	11.0
06	13.0	16.0	9.0	62.0
07	8.0	7.0	1.0	83.0
08	29.0	1.0	67.0	2.0
09	96.0	1.0	2.0	1.0
10	2.0	1.0	1.0	97.0
11	6.0	61.0	2.0	32.0
12	80.0	6.0	1.0	14.0
13	31.0	35.0	11.0	23.0
14	13.0	48.0	30.0	10.0
15	35.0	8.0	15.0	41.0
16	13.0	29.0	31.0	28.0
17	41.0	10.0	30.0	19.0
XX
//
AC PH0017.1
XX
ID Cux1_2
XX
DE PH0017.1 Cux1_2 ; From JASPAR 2018
PO	A	C	G	T
01	23.0	8.0	21.0	47.0
02	51.0	19.0	17.0	13.0
03	42.0	14.0	32.0	12.0
04	3.0	18.0	9.0	69.0
05	14.0	5.0	66.0	14.0
06	87.0	5.0	3.0	5.0
07	4.0	1.0	1.0	94.0
08	34.0	6.0	51.0	10.0
09	94.0	1.0	1.0	4.0
10	5.0	3.0	5.0	87.0
11	14.0	66.0	5.0	14.0
12	69.0	9.0	18.0	3.0
13	26.0	41.0	15.0	18.0
14	15.0	7.0	12.0	66.0
15	49.0	13.0	19.0	19.0
XX
//
AC PH0018.1
XX
ID Dbx1
XX
DE PH0018.1 Dbx1 ; From JASPAR 2018
PO	A	C	G	T
01	19.0	23.0	16.0	42.0
02	61.0	7.0	5.0	27.0
03	46.0	6.0	31.0	18.0
04	23.0	13.0	10.0	55.0
05	24.0	23.0	7.0	46.0
06	62.0	14.0	8.0	16.0
07	74.0	3.0	5.0	18.0
08	11.0	10.0	7.0	72.0
09	13.0	11.0	4.0	72.0
10	73.0	3.0	9.0	15.0
11	54.0	10.0	5.0	31.0
12	20.0	15.0	10.0	56.0
13	59.0	7.0	17.0	17.0
14	50.0	16.0	22.0	12.0
15	28.0	11.0	14.0	47.0
16	30.0	19.0	19.0	33.0
17	40.0	14.0	29.0	17.0
XX
//
AC PH0019.1
XX
ID Dbx2
XX
DE PH0019.1 Dbx2 ; From JASPAR 2018
PO	A	C	G	T
01	14.0	27.0	27.0	33.0
02	24.0	9.0	32.0	35.0
03	22.0	24.0	20.0	33.0
04	44.0	29.0	4.0	22.0
05	70.0	7.0	8.0	15.0
06	18.0	12.0	10.0	61.0
07	6.0	12.0	0.0	82.0
08	93.0	1.0	2.0	4.0
09	95.0	1.0	2.0	2.0
10	3.0	0.0	1.0	96.0
11	3.0	2.0	29.0	67.0
12	73.0	1.0	15.0	11.0
13	44.0	11.0	20.0	24.0
14	4.0	9.0	28.0	59.0
15	27.0	16.0	14.0	43.0
16	28.0	35.0	17.0	20.0
XX
//
AC PH0020.1
XX
ID Dlx1
XX
DE PH0020.1 Dlx1 ; From JASPAR 2018
PO	A	C	G	T
01	16.0	29.0	27.0	27.0
02	13.0	24.0	13.0	50.0
03	17.0	11.0	61.0	11.0
04	45.0	24.0	21.0	10.0
05	35.0	7.0	40.0	18.0
06	29.0	14.0	37.0	20.0
07	1.0	12.0	0.0	87.0
08	99.0	1.0	1.0	0.0
09	99.0	0.0	0.0	1.0
10	1.0	0.0	0.0	99.0
11	0.0	1.0	1.0	98.0
12	94.0	0.0	5.0	1.0
13	41.0	19.0	20.0	20.0
14	8.0	36.0	12.0	45.0
XX
//
AC PH0021.1
XX
ID Dlx2
XX
DE PH0021.1 Dlx2 ; From JASPAR 2018
PO	A	C	G	T
01	33.0	29.0	34.0	4.0
02	27.0	24.0	38.0	11.0
03	31.0	8.0	31.0	30.0
04	49.0	9.0	31.0	11.0
05	1.0	29.0	0.0	69.0
06	97.0	1.0	1.0	1.0
07	98.0	0.0	0.0	1.0
08	1.0	0.0	0.0	98.0
09	1.0	1.0	1.0	97.0
10	69.0	0.0	29.0	1.0
11	8.0	37.0	28.0	27.0
12	30.0	31.0	8.0	31.0
13	18.0	32.0	8.0	42.0
14	25.0	44.0	12.0	19.0
15	62.0	11.0	15.0	12.0
16	17.0	19.0	45.0	19.0
XX
//
AC PH0022.1
XX
ID Dlx3
XX
DE PH0022.1 Dlx3 ; From JASPAR 2018
PO	A	C	G	T
01	16.0	22.0	30.0	32.0
02	32.0	43.0	12.0	14.0
03	27.0	20.0	37.0	15.0
04	27.0	42.0	25.0	7.0
05	29.0	12.0	30.0	30.0
06	61.0	4.0	23.0	13.0
07	0.0	3.0	0.0	96.0
08	98.0	0.0	0.0	1.0
09	99.0	0.0	0.0	0.0
10	0.0	0.0	0.0	99.0
11	1.0	0.0	1.0	98.0
12	75.0	0.0	25.0	1.0
13	7.0	57.0	12.0	23.0
14	35.0	49.0	5.0	11.0
15	18.0	30.0	37.0	15.0
16	37.0	20.0	13.0	30.0
17	28.0	38.0	13.0	20.0
XX
//
AC PH0023.1
XX
ID Dlx4
XX
DE PH0023.1 Dlx4 ; From JASPAR 2018
PO	A	C	G	T
01	15.0	25.0	30.0	30.0
02	20.0	55.0	12.0	13.0
03	30.0	23.0	32.0	15.0
04	22.0	48.0	17.0	12.0
05	28.0	13.0	29.0	30.0
06	54.0	7.0	24.0	15.0
07	1.0	4.0	0.0	95.0
08	97.0	0.0	1.0	2.0
09	99.0	0.0	0.0	0.0
10	1.0	0.0	0.0	99.0
11	1.0	1.0	1.0	97.0
12	76.0	0.0	23.0	1.0
13	20.0	52.0	14.0	14.0
14	29.0	49.0	6.0	16.0
15	17.0	26.0	40.0	16.0
16	50.0	14.0	11.0	25.0
17	22.0	53.0	12.0	13.0
XX
//
AC PH0024.1
XX
ID Dlx5
XX
DE PH0024.1 Dlx5 ; From JASPAR 2018
PO	A	C	G	T
01	11.0	29.0	37.0	22.0
02	17.0	29.0	37.0	17.0
03	28.0	17.0	49.0	5.0
04	18.0	14.0	59.0	9.0
05	1.0	38.0	0.0	61.0
06	97.0	2.0	0.0	1.0
07	98.0	0.0	1.0	1.0
08	1.0	1.0	0.0	98.0
09	1.0	0.0	2.0	97.0
10	61.0	0.0	38.0	1.0
11	19.0	25.0	37.0	18.0
12	5.0	49.0	17.0	28.0
13	7.0	17.0	37.0	39.0
14	26.0	34.0	23.0	17.0
15	15.0	22.0	22.0	41.0
16	19.0	27.0	35.0	19.0
XX
//
AC PH0025.1
XX
ID Dmbx1
XX
DE PH0025.1 Dmbx1 ; From JASPAR 2018
PO	A	C	G	T
01	34.0	13.0	12.0	41.0
02	28.0	8.0	37.0	27.0
03	49.0	8.0	31.0	12.0
04	49.0	8.0	13.0	30.0
05	25.0	36.0	18.0	21.0
06	28.0	50.0	20.0	3.0
07	6.0	1.0	93.0	0.0
08	0.0	1.0	99.0	0.0
09	94.0	6.0	0.0	0.0
10	0.0	0.0	0.0	99.0
11	1.0	1.0	0.0	98.0
12	97.0	0.0	0.0	3.0
13	40.0	5.0	35.0	20.0
14	9.0	11.0	37.0	42.0
15	15.0	28.0	30.0	27.0
16	30.0	20.0	19.0	30.0
17	37.0	12.0	15.0	36.0
XX
//
AC PH0026.1
XX
ID Duxbl
XX
DE PH0026.1 Duxbl ; From JASPAR 2018
PO	A	C	G	T
01	6.0	55.0	10.0	29.0
02	35.0	5.0	47.0	13.0
03	77.0	2.0	16.0	5.0
04	6.0	67.0	11.0	16.0
05	2.0	66.0	9.0	22.0
06	0.0	74.0	0.0	25.0
07	99.0	1.0	0.0	0.0
08	97.0	2.0	0.0	0.0
09	0.0	1.0	0.0	99.0
10	0.0	98.0	0.0	2.0
11	97.0	0.0	0.0	3.0
12	83.0	3.0	9.0	5.0
13	5.0	53.0	18.0	24.0
14	25.0	25.0	28.0	23.0
15	31.0	19.0	34.0	16.0
16	28.0	20.0	15.0	37.0
17	20.0	29.0	34.0	17.0
XX
//
AC PH0027.1
XX
ID Emx2
XX
DE PH0027.1 Emx2 ; From JASPAR 2018
PO	A	C	G	T
01	48.0	8.0	5.0	38.0
02	26.0	34.0	33.0	7.0
03	28.0	37.0	24.0	11.0
04	38.0	20.0	33.0	10.0
05	3.0	68.0	6.0	23.0
06	2.0	4.0	0.0	95.0
07	88.0	11.0	0.0	0.0
08	98.0	1.0	0.0	1.0
09	1.0	0.0	1.0	98.0
10	0.0	0.0	11.0	88.0
11	95.0	0.0	4.0	2.0
12	23.0	6.0	68.0	3.0
13	2.0	39.0	5.0	54.0
14	12.0	15.0	48.0	25.0
15	14.0	25.0	50.0	11.0
16	27.0	26.0	21.0	26.0
17	18.0	32.0	23.0	28.0
XX
//
AC PH0028.1
XX
ID En1
XX
DE PH0028.1 En1 ; From JASPAR 2018
PO	A	C	G	T
01	23.0	20.0	41.0	16.0
02	23.0	31.0	29.0	16.0
03	28.0	28.0	29.0	15.0
04	73.0	15.0	8.0	4.0
05	82.0	8.0	7.0	4.0
06	11.0	54.0	11.0	24.0
07	0.0	15.0	0.0	84.0
08	97.0	0.0	2.0	0.0
09	99.0	0.0	1.0	0.0
10	1.0	0.0	0.0	99.0
11	1.0	1.0	1.0	97.0
12	97.0	0.0	2.0	1.0
13	48.0	8.0	33.0	11.0
14	6.0	14.0	37.0	44.0
15	23.0	18.0	37.0	22.0
16	20.0	49.0	20.0	11.0
XX
//
AC PH0029.1
XX
ID En2
XX
DE PH0029.1 En2 ; From JASPAR 2018
PO	A	C	G	T
01	38.0	4.0	11.0	46.0
02	20.0	16.0	58.0	6.0
03	28.0	45.0	13.0	14.0
04	39.0	31.0	20.0	10.0
05	11.0	50.0	3.0	36.0
06	1.0	25.0	0.0	74.0
07	98.0	1.0	0.0	1.0
08	98.0	0.0	0.0	1.0
09	1.0	0.0	0.0	98.0
10	1.0	0.0	1.0	98.0
11	74.0	0.0	25.0	1.0
12	36.0	3.0	50.0	11.0
13	5.0	27.0	5.0	63.0
14	13.0	23.0	46.0	19.0
15	27.0	24.0	39.0	10.0
16	43.0	23.0	11.0	23.0
17	31.0	26.0	13.0	31.0
XX
//
AC PH0030.1
XX
ID Esx1
XX
DE PH0030.1 Esx1 ; From JASPAR 2018
PO	A	C	G	T
01	32.0	24.0	17.0	26.0
02	26.0	18.0	15.0	42.0
03	17.0	34.0	18.0	31.0
04	21.0	35.0	23.0	21.0
05	42.0	7.0	41.0	10.0
06	3.0	47.0	1.0	49.0
07	1.0	7.0	0.0	92.0
08	98.0	0.0	1.0	1.0
09	98.0	0.0	1.0	0.0
10	0.0	1.0	0.0	98.0
11	1.0	1.0	0.0	98.0
12	92.0	0.0	7.0	1.0
13	49.0	1.0	47.0	3.0
14	10.0	16.0	15.0	60.0
15	22.0	12.0	30.0	36.0
16	11.0	26.0	45.0	19.0
17	52.0	7.0	4.0	37.0
XX
//
AC PH0031.1
XX
ID Evx1
XX
DE PH0031.1 Evx1 ; From JASPAR 2018
PO	A	C	G	T
01	47.0	6.0	3.0	45.0
02	30.0	25.0	33.0	11.0
03	36.0	22.0	21.0	22.0
04	47.0	15.0	26.0	13.0
05	5.0	66.0	18.0	11.0
06	1.0	3.0	0.0	96.0
07	85.0	14.0	0.0	0.0
08	99.0	1.0	0.0	0.0
09	0.0	0.0	1.0	99.0
10	0.0	0.0	14.0	85.0
11	96.0	0.0	3.0	1.0
12	11.0	18.0	66.0	5.0
13	3.0	44.0	6.0	48.0
14	17.0	20.0	46.0	18.0
15	20.0	25.0	38.0	17.0
16	36.0	16.0	17.0	30.0
17	24.0	36.0	24.0	16.0
XX
//
AC PH0032.1
XX
ID Evx2
XX
DE PH0032.1 Evx2 ; From JASPAR 2018
PO	A	C	G	T
01	21.0	30.0	23.0	26.0
02	40.0	33.0	19.0	8.0
03	14.0	56.0	9.0	21.0
04	29.0	52.0	9.0	10.0
05	15.0	7.0	76.0	2.0
06	2.0	82.0	12.0	3.0
07	0.0	2.0	0.0	98.0
08	95.0	4.0	1.0	0.0
09	99.0	0.0	0.0	0.0
10	0.0	0.0	0.0	99.0
11	0.0	1.0	5.0	94.0
12	93.0	0.0	7.0	0.0
13	2.0	16.0	76.0	6.0
14	4.0	53.0	23.0	19.0
15	12.0	18.0	40.0	29.0
16	9.0	15.0	38.0	38.0
17	34.0	10.0	6.0	50.0
XX
//
AC PH0033.1
XX
ID Gbx1
XX
DE PH0033.1 Gbx1 ; From JASPAR 2018
PO	A	C	G	T
01	27.0	22.0	19.0	32.0
02	30.0	12.0	31.0	27.0
03	14.0	37.0	29.0	19.0
04	25.0	37.0	21.0	17.0
05	59.0	12.0	18.0	11.0
06	18.0	71.0	5.0	5.0
07	1.0	28.0	0.0	71.0
08	97.0	2.0	0.0	0.0
09	99.0	0.0	1.0	0.0
10	0.0	1.0	0.0	99.0
11	0.0	0.0	2.0	97.0
12	71.0	0.0	28.0	1.0
13	5.0	5.0	71.0	18.0
14	14.0	16.0	20.0	51.0
15	10.0	17.0	52.0	22.0
16	9.0	27.0	29.0	36.0
17	47.0	8.0	6.0	39.0
XX
//
AC PH0034.1
XX
ID Gbx2
XX
DE PH0034.1 Gbx2 ; From JASPAR 2018
PO	A	C	G	T
01	39.0	5.0	26.0	30.0
02	24.0	27.0	29.0	20.0
03	24.0	38.0	20.0	18.0
04	41.0	9.0	42.0	8.0
05	4.0	84.0	6.0	5.0
06	0.0	19.0	0.0	80.0
07	98.0	1.0	0.0	0.0
08	99.0	1.0	0.0	1.0
09	1.0	0.0	1.0	99.0
10	0.0	0.0	1.0	98.0
11	80.0	0.0	19.0	0.0
12	5.0	6.0	84.0	4.0
13	4.0	44.0	10.0	42.0
14	16.0	28.0	44.0	12.0
15	39.0	11.0	30.0	19.0
16	11.0	23.0	25.0	41.0
17	15.0	13.0	23.0	49.0
XX
//
AC PH0035.1
XX
ID Gsc
XX
DE PH0035.1 Gsc ; From JASPAR 2018
PO	A	C	G	T
01	47.0	16.0	13.0	24.0
02	34.0	22.0	24.0	21.0
03	40.0	13.0	5.0	43.0
04	26.0	46.0	10.0	18.0
05	28.0	11.0	52.0	9.0
06	7.0	40.0	1.0	52.0
07	3.0	0.0	0.0	97.0
08	99.0	0.0	1.0	0.0
09	99.0	0.0	0.0	0.0
10	0.0	0.0	1.0	99.0
11	1.0	97.0	0.0	3.0
12	0.0	95.0	0.0	4.0
13	3.0	44.0	40.0	13.0
14	8.0	36.0	8.0	48.0
15	22.0	12.0	24.0	42.0
16	26.0	23.0	12.0	39.0
17	31.0	31.0	26.0	11.0
XX
//
AC PH0036.1
XX
ID Gsx2
XX
DE PH0036.1 Gsx2 ; From JASPAR 2018
PO	A	C	G	T
01	47.0	18.0	23.0	12.0
02	18.0	32.0	33.0	17.0
03	25.0	9.0	55.0	11.0
04	13.0	26.0	24.0	37.0
05	1.0	10.0	0.0	89.0
06	95.0	3.0	1.0	1.0
07	97.0	0.0	0.0	2.0
08	2.0	0.0	0.0	97.0
09	1.0	1.0	3.0	95.0
10	89.0	0.0	10.0	1.0
11	20.0	13.0	55.0	11.0
12	11.0	55.0	9.0	25.0
13	17.0	28.0	23.0	33.0
14	18.0	30.0	33.0	19.0
15	75.0	4.0	12.0	9.0
16	18.0	12.0	32.0	37.0
XX
//
AC PH0037.1
XX
ID Hdx
XX
DE PH0037.1 Hdx ; From JASPAR 2018
PO	A	C	G	T
01	31.0	20.0	21.0	27.0
02	34.0	18.0	26.0	22.0
03	5.0	9.0	52.0	35.0
04	20.0	12.0	35.0	33.0
05	30.0	31.0	16.0	24.0
06	21.0	2.0	72.0	4.0
07	70.0	23.0	5.0	2.0
08	83.0	1.0	6.0	10.0
09	92.0	1.0	3.0	5.0
10	2.0	2.0	3.0	93.0
11	3.0	90.0	4.0	3.0
12	86.0	4.0	1.0	8.0
13	18.0	22.0	16.0	45.0
14	23.0	33.0	20.0	24.0
15	14.0	30.0	31.0	26.0
16	34.0	35.0	6.0	26.0
17	40.0	23.0	19.0	18.0
XX
//
AC PH0038.1
XX
ID Hlx
XX
DE PH0038.1 Hlx ; From JASPAR 2018
PO	A	C	G	T
01	18.0	49.0	16.0	17.0
02	27.0	44.0	13.0	16.0
03	45.0	22.0	16.0	17.0
04	7.0	13.0	5.0	75.0
05	76.0	8.0	5.0	11.0
06	71.0	1.0	7.0	20.0
07	4.0	6.0	2.0	88.0
08	16.0	12.0	3.0	69.0
09	63.0	3.0	25.0	9.0
10	88.0	2.0	6.0	4.0
11	20.0	7.0	1.0	71.0
12	11.0	5.0	8.0	76.0
13	75.0	5.0	13.0	7.0
14	16.0	41.0	15.0	28.0
15	42.0	27.0	9.0	22.0
XX
//
AC PH0039.1
XX
ID Mnx1
XX
DE PH0039.1 Mnx1 ; From JASPAR 2018
PO	A	C	G	T
01	12.0	24.0	37.0	27.0
02	14.0	21.0	30.0	35.0
03	56.0	25.0	17.0	2.0
04	11.0	39.0	38.0	12.0
05	1.0	8.0	0.0	91.0
06	97.0	2.0	0.0	0.0
07	98.0	0.0	1.0	1.0
08	1.0	1.0	0.0	98.0
09	0.0	0.0	2.0	97.0
10	91.0	0.0	8.0	1.0
11	8.0	16.0	68.0	8.0
12	2.0	17.0	25.0	56.0
13	17.0	9.0	59.0	15.0
14	23.0	27.0	33.0	17.0
15	25.0	35.0	11.0	29.0
16	29.0	30.0	34.0	7.0
XX
//
AC PH0040.1
XX
ID Hmbox1
XX
DE PH0040.1 Hmbox1 ; From JASPAR 2018
PO	A	C	G	T
01	25.0	23.0	30.0	21.0
02	37.0	20.0	10.0	34.0
03	44.0	10.0	34.0	13.0
04	46.0	15.0	22.0	18.0
05	47.0	9.0	14.0	30.0
06	1.0	85.0	2.0	12.0
07	1.0	1.0	3.0	96.0
08	70.0	0.0	29.0	0.0
09	1.0	0.0	99.0	0.0
10	0.0	0.0	1.0	98.0
11	11.0	1.0	0.0	88.0
12	94.0	1.0	2.0	3.0
13	64.0	6.0	10.0	20.0
14	13.0	44.0	14.0	29.0
15	33.0	13.0	26.0	28.0
16	25.0	11.0	20.0	43.0
17	7.0	43.0	31.0	19.0
XX
//
AC PH0041.1
XX
ID Hmx1
XX
DE PH0041.1 Hmx1 ; From JASPAR 2018
PO	A	C	G	T
01	34.0	29.0	24.0	13.0
02	17.0	43.0	27.0	13.0
03	36.0	29.0	26.0	9.0
04	69.0	6.0	16.0	9.0
05	13.0	8.0	72.0	7.0
06	1.0	95.0	0.0	4.0
07	87.0	0.0	12.0	1.0
08	88.0	11.0	0.0	1.0
09	0.0	0.0	0.0	99.0
10	2.0	6.0	0.0	93.0
11	95.0	0.0	1.0	3.0
12	88.0	1.0	4.0	6.0
13	25.0	15.0	17.0	43.0
14	14.0	22.0	50.0	13.0
15	38.0	29.0	28.0	4.0
16	33.0	13.0	24.0	31.0
17	18.0	20.0	22.0	40.0
XX
//
AC PH0042.1
XX
ID Hmx2
XX
DE PH0042.1 Hmx2 ; From JASPAR 2018
PO	A	C	G	T
01	50.0	20.0	23.0	7.0
02	19.0	44.0	23.0	14.0
03	55.0	19.0	17.0	9.0
04	77.0	6.0	12.0	6.0
05	17.0	15.0	57.0	11.0
06	1.0	97.0	0.0	1.0
07	85.0	0.0	15.0	0.0
08	85.0	13.0	1.0	1.0
09	1.0	0.0	0.0	99.0
10	2.0	6.0	0.0	93.0
11	93.0	0.0	1.0	5.0
12	89.0	1.0	2.0	8.0
13	36.0	19.0	11.0	34.0
14	25.0	21.0	41.0	14.0
15	41.0	27.0	27.0	5.0
16	47.0	10.0	25.0	18.0
17	9.0	7.0	9.0	74.0
XX
//
AC PH0043.1
XX
ID Hmx3
XX
DE PH0043.1 Hmx3 ; From JASPAR 2018
PO	A	C	G	T
01	49.0	21.0	21.0	9.0
02	12.0	49.0	25.0	13.0
03	48.0	23.0	19.0	10.0
04	76.0	7.0	11.0	6.0
05	15.0	10.0	59.0	15.0
06	2.0	94.0	0.0	4.0
07	84.0	0.0	16.0	1.0
08	87.0	12.0	0.0	1.0
09	1.0	0.0	0.0	99.0
10	1.0	4.0	0.0	94.0
11	92.0	0.0	2.0	5.0
12	87.0	2.0	3.0	7.0
13	39.0	15.0	12.0	35.0
14	26.0	18.0	38.0	18.0
15	47.0	21.0	26.0	6.0
16	52.0	11.0	18.0	19.0
17	13.0	10.0	13.0	64.0
XX
//
AC PH0044.1
XX
ID Homez
XX
DE PH0044.1 Homez ; From JASPAR 2018
PO	A	C	G	T
01	59.0	6.0	17.0	18.0
02	34.0	17.0	14.0	34.0
03	50.0	11.0	9.0	30.0
04	46.0	13.0	3.0	38.0
05	34.0	42.0	17.0	7.0
06	87.0	3.0	0.0	9.0
07	1.0	1.0	1.0	97.0
08	4.0	95.0	0.0	1.0
09	1.0	1.0	97.0	1.0
10	21.0	1.0	2.0	76.0
11	4.0	2.0	3.0	91.0
12	16.0	3.0	2.0	79.0
13	14.0	14.0	12.0	61.0
14	13.0	23.0	18.0	46.0
15	52.0	19.0	5.0	23.0
16	37.0	5.0	29.0	28.0
17	27.0	17.0	31.0	26.0
XX
//
AC PH0045.1
XX
ID Hoxa1
XX
DE PH0045.1 Hoxa1 ; From JASPAR 2018
PO	A	C	G	T
01	19.0	42.0	19.0	21.0
02	14.0	15.0	6.0	65.0
03	27.0	13.0	47.0	14.0
04	62.0	10.0	15.0	13.0
05	27.0	8.0	61.0	5.0
06	8.0	53.0	22.0	17.0
07	1.0	3.0	0.0	97.0
08	96.0	3.0	1.0	0.0
09	99.0	0.0	0.0	0.0
10	1.0	0.0	0.0	99.0
11	0.0	0.0	1.0	99.0
12	96.0	0.0	4.0	0.0
13	28.0	48.0	17.0	7.0
14	14.0	45.0	14.0	27.0
15	11.0	17.0	41.0	31.0
16	6.0	30.0	18.0	46.0
XX
//
AC PH0046.1
XX
ID Hoxa10
XX
DE PH0046.1 Hoxa10 ; From JASPAR 2018
PO	A	C	G	T
01	25.0	8.0	29.0	37.0
02	42.0	29.0	13.0	16.0
03	12.0	21.0	45.0	22.0
04	17.0	8.0	70.0	4.0
05	7.0	32.0	1.0	61.0
06	71.0	27.0	0.0	1.0
07	89.0	1.0	8.0	3.0
08	3.0	1.0	0.0	97.0
09	70.0	1.0	1.0	28.0
10	91.0	0.0	1.0	8.0
11	88.0	2.0	1.0	9.0
12	69.0	6.0	5.0	20.0
13	24.0	16.0	7.0	53.0
14	18.0	8.0	30.0	44.0
15	28.0	39.0	9.0	24.0
16	52.0	8.0	10.0	30.0
XX
//
AC PH0047.1
XX
ID Hoxa11
XX
DE PH0047.1 Hoxa11 ; From JASPAR 2018
PO	A	C	G	T
01	25.0	21.0	14.0	40.0
02	49.0	12.0	20.0	19.0
03	54.0	15.0	14.0	17.0
04	43.0	10.0	27.0	20.0
05	10.0	5.0	85.0	0.0
06	0.0	2.0	0.0	98.0
07	2.0	97.0	0.0	1.0
08	26.0	0.0	74.0	0.0
09	0.0	0.0	0.0	99.0
10	83.0	0.0	0.0	16.0
11	98.0	0.0	0.0	1.0
12	98.0	1.0	0.0	1.0
13	60.0	9.0	9.0	22.0
14	21.0	40.0	11.0	27.0
15	29.0	22.0	25.0	24.0
16	15.0	15.0	31.0	39.0
XX
//
AC PH0048.1
XX
ID Hoxa13
XX
DE PH0048.1 Hoxa13 ; From JASPAR 2018
PO	A	C	G	T
01	35.0	17.0	16.0	31.0
02	32.0	19.0	20.0	29.0
03	37.0	20.0	18.0	25.0
04	15.0	30.0	30.0	26.0
05	2.0	93.0	5.0	0.0
06	0.0	3.0	0.0	97.0
07	1.0	94.0	0.0	5.0
08	20.0	0.0	80.0	0.0
09	0.0	1.0	0.0	99.0
10	93.0	0.0	0.0	7.0
11	97.0	0.0	0.0	3.0
12	98.0	1.0	0.0	1.0
13	62.0	12.0	5.0	21.0
14	30.0	13.0	9.0	48.0
15	18.0	23.0	23.0	36.0
16	23.0	13.0	22.0	41.0
XX
//
AC PH0049.1
XX
ID Hoxa2
XX
DE PH0049.1 Hoxa2 ; From JASPAR 2018
PO	A	C	G	T
01	59.0	8.0	24.0	9.0
02	33.0	32.0	22.0	13.0
03	19.0	8.0	62.0	11.0
04	9.0	21.0	52.0	18.0
05	1.0	6.0	0.0	93.0
06	90.0	9.0	1.0	0.0
07	98.0	1.0	0.0	0.0
08	0.0	0.0	1.0	98.0
09	0.0	1.0	9.0	90.0
10	93.0	0.0	6.0	1.0
11	16.0	30.0	45.0	10.0
12	11.0	62.0	8.0	19.0
13	22.0	28.0	8.0	42.0
14	26.0	44.0	9.0	21.0
15	73.0	4.0	9.0	14.0
16	28.0	17.0	27.0	29.0
XX
//
AC PH0050.1
XX
ID Hoxa3
XX
DE PH0050.1 Hoxa3 ; From JASPAR 2018
PO	A	C	G	T
01	18.0	11.0	21.0	50.0
02	16.0	29.0	19.0	35.0
03	19.0	19.0	50.0	12.0
04	39.0	30.0	15.0	16.0
05	30.0	10.0	53.0	7.0
06	7.0	30.0	34.0	28.0
07	0.0	11.0	0.0	88.0
08	90.0	10.0	0.0	0.0
09	99.0	1.0	0.0	0.0
10	0.0	0.0	0.0	99.0
11	0.0	0.0	5.0	94.0
12	97.0	0.0	2.0	1.0
13	35.0	16.0	46.0	3.0
14	5.0	35.0	12.0	47.0
XX
//
AC PH0051.1
XX
ID Hoxa4
XX
DE PH0051.1 Hoxa4 ; From JASPAR 2018
PO	A	C	G	T
01	23.0	17.0	38.0	22.0
02	39.0	10.0	31.0	20.0
03	8.0	20.0	7.0	65.0
04	21.0	23.0	10.0	46.0
05	56.0	13.0	27.0	5.0
06	17.0	11.0	5.0	68.0
07	1.0	8.0	0.0	91.0
08	94.0	6.0	0.0	0.0
09	98.0	0.0	1.0	1.0
10	1.0	1.0	0.0	98.0
11	0.0	0.0	6.0	94.0
12	91.0	0.0	8.0	1.0
13	68.0	5.0	11.0	17.0
14	9.0	56.0	12.0	23.0
15	12.0	9.0	35.0	44.0
16	10.0	27.0	26.0	37.0
17	12.0	16.0	53.0	18.0
XX
//
AC PH0052.1
XX
ID Hoxa5
XX
DE PH0052.1 Hoxa5 ; From JASPAR 2018
PO	A	C	G	T
01	66.0	12.0	15.0	7.0
02	33.0	39.0	15.0	13.0
03	21.0	11.0	53.0	15.0
04	8.0	19.0	45.0	28.0
05	1.0	9.0	0.0	90.0
06	90.0	9.0	0.0	0.0
07	98.0	1.0	0.0	0.0
08	0.0	0.0	1.0	98.0
09	0.0	0.0	9.0	90.0
10	90.0	0.0	9.0	1.0
11	21.0	31.0	41.0	7.0
12	15.0	53.0	11.0	21.0
13	29.0	20.0	7.0	44.0
14	27.0	41.0	10.0	23.0
15	52.0	7.0	19.0	22.0
16	27.0	14.0	36.0	23.0
XX
//
AC PH0053.1
XX
ID Hoxa6
XX
DE PH0053.1 Hoxa6 ; From JASPAR 2018
PO	A	C	G	T
01	58.0	15.0	20.0	7.0
02	43.0	35.0	9.0	13.0
03	20.0	10.0	59.0	11.0
04	19.0	5.0	48.0	28.0
05	1.0	9.0	0.0	90.0
06	95.0	4.0	0.0	1.0
07	98.0	1.0	0.0	1.0
08	1.0	0.0	1.0	98.0
09	1.0	0.0	4.0	95.0
10	90.0	0.0	9.0	1.0
11	15.0	68.0	9.0	8.0
12	11.0	59.0	10.0	20.0
13	23.0	27.0	6.0	43.0
14	33.0	32.0	12.0	22.0
15	60.0	8.0	8.0	24.0
16	22.0	17.0	28.0	34.0
XX
//
AC PH0054.1
XX
ID Hoxa7_1
XX
DE PH0054.1 Hoxa7_1 ; From JASPAR 2018
PO	A	C	G	T
01	19.0	45.0	25.0	11.0
02	22.0	21.0	48.0	9.0
03	37.0	36.0	13.0	15.0
04	26.0	20.0	30.0	24.0
05	15.0	10.0	24.0	50.0
06	7.0	11.0	0.0	82.0
07	90.0	4.0	1.0	5.0
08	94.0	0.0	1.0	4.0
09	4.0	1.0	0.0	94.0
10	5.0	1.0	4.0	90.0
11	82.0	0.0	11.0	7.0
12	50.0	24.0	10.0	15.0
13	14.0	19.0	13.0	54.0
14	34.0	16.0	22.0	27.0
15	36.0	19.0	21.0	24.0
16	21.0	24.0	31.0	25.0
17	19.0	55.0	12.0	14.0
XX
//
AC PH0055.1
XX
ID Hoxa7_2
XX
DE PH0055.1 Hoxa7_2 ; From JASPAR 2018
PO	A	C	G	T
01	5.0	23.0	47.0	25.0
02	13.0	23.0	25.0	39.0
03	51.0	31.0	13.0	4.0
04	7.0	11.0	50.0	32.0
05	6.0	5.0	0.0	88.0
06	93.0	4.0	1.0	2.0
07	97.0	1.0	1.0	1.0
08	1.0	1.0	1.0	97.0
09	2.0	1.0	4.0	93.0
10	88.0	0.0	5.0	6.0
11	47.0	25.0	18.0	10.0
12	4.0	13.0	31.0	51.0
13	22.0	18.0	45.0	15.0
14	15.0	17.0	53.0	15.0
15	37.0	30.0	10.0	24.0
16	40.0	33.0	19.0	8.0
XX
//
AC PH0056.1
XX
ID Hoxa9
XX
DE PH0056.1 Hoxa9 ; From JASPAR 2018
PO	A	C	G	T
01	39.0	12.0	34.0	16.0
02	21.0	50.0	20.0	8.0
03	23.0	7.0	56.0	14.0
04	9.0	16.0	66.0	10.0
05	9.0	60.0	1.0	30.0
06	24.0	63.0	2.0	11.0
07	88.0	0.0	10.0	1.0
08	2.0	0.0	0.0	97.0
09	63.0	1.0	0.0	36.0
10	95.0	0.0	0.0	4.0
11	93.0	1.0	1.0	5.0
12	76.0	2.0	3.0	19.0
13	32.0	16.0	6.0	45.0
14	17.0	13.0	17.0	53.0
15	51.0	13.0	15.0	21.0
16	38.0	9.0	28.0	25.0
17	38.0	8.0	11.0	43.0
XX
//
AC PH0057.1
XX
ID Hoxb13
XX
DE PH0057.1 Hoxb13 ; From JASPAR 2018
PO	A	C	G	T
01	38.0	27.0	20.0	15.0
02	48.0	12.0	27.0	13.0
03	30.0	33.0	18.0	19.0
04	5.0	77.0	9.0	9.0
05	2.0	67.0	1.0	31.0
06	76.0	12.0	0.0	12.0
07	92.0	0.0	5.0	3.0
08	0.0	3.0	0.0	97.0
09	83.0	0.0	1.0	16.0
10	93.0	0.0	0.0	7.0
11	97.0	1.0	0.0	2.0
12	84.0	7.0	6.0	3.0
13	37.0	14.0	9.0	40.0
14	26.0	21.0	12.0	40.0
15	22.0	35.0	11.0	33.0
16	22.0	30.0	33.0	15.0
XX
//
AC PH0058.1
XX
ID Hoxb3
XX
DE PH0058.1 Hoxb3 ; From JASPAR 2018
PO	A	C	G	T
01	38.0	5.0	5.0	52.0
02	29.0	13.0	52.0	6.0
03	55.0	20.0	13.0	12.0
04	26.0	27.0	32.0	15.0
05	8.0	57.0	20.0	15.0
06	1.0	11.0	0.0	88.0
07	74.0	26.0	0.0	0.0
08	98.0	0.0	0.0	1.0
09	1.0	0.0	0.0	98.0
10	0.0	0.0	26.0	74.0
11	88.0	0.0	11.0	1.0
12	15.0	20.0	57.0	8.0
13	5.0	34.0	12.0	49.0
14	19.0	15.0	30.0	36.0
15	32.0	23.0	38.0	6.0
16	31.0	12.0	40.0	18.0
17	41.0	14.0	20.0	26.0
XX
//
AC PH0059.1
XX
ID Hoxb4
XX
DE PH0059.1 Hoxb4 ; From JASPAR 2018
PO	A	C	G	T
01	15.0	59.0	17.0	9.0
02	25.0	22.0	32.0	22.0
03	31.0	32.0	16.0	21.0
04	34.0	12.0	41.0	12.0
05	8.0	17.0	6.0	68.0
06	2.0	10.0	0.0	89.0
07	94.0	6.0	0.0	0.0
08	98.0	0.0	0.0	1.0
09	1.0	0.0	0.0	98.0
10	0.0	0.0	6.0	94.0
11	89.0	0.0	10.0	2.0
12	68.0	6.0	17.0	8.0
13	10.0	22.0	17.0	51.0
14	32.0	18.0	13.0	37.0
15	52.0	20.0	18.0	10.0
16	30.0	32.0	9.0	29.0
17	16.0	40.0	16.0	28.0
XX
//
AC PH0060.1
XX
ID Hoxb5
XX
DE PH0060.1 Hoxb5 ; From JASPAR 2018
PO	A	C	G	T
01	52.0	23.0	14.0	11.0
02	27.0	35.0	19.0	19.0
03	17.0	9.0	65.0	10.0
04	12.0	15.0	38.0	35.0
05	1.0	7.0	0.0	92.0
06	90.0	9.0	0.0	0.0
07	98.0	1.0	0.0	1.0
08	1.0	0.0	1.0	98.0
09	0.0	0.0	9.0	90.0
10	92.0	0.0	7.0	1.0
11	19.0	29.0	41.0	11.0
12	10.0	65.0	9.0	17.0
13	28.0	25.0	10.0	36.0
14	28.0	44.0	11.0	17.0
15	68.0	5.0	14.0	14.0
16	22.0	16.0	14.0	48.0
XX
//
AC PH0061.1
XX
ID Hoxb6
XX
DE PH0061.1 Hoxb6 ; From JASPAR 2018
PO	A	C	G	T
01	29.0	14.0	6.0	52.0
02	55.0	10.0	8.0	28.0
03	18.0	4.0	18.0	60.0
04	18.0	10.0	35.0	38.0
05	17.0	30.0	33.0	20.0
06	7.0	11.0	67.0	14.0
07	2.0	20.0	2.0	76.0
08	83.0	12.0	2.0	3.0
09	95.0	1.0	1.0	2.0
10	2.0	1.0	1.0	95.0
11	3.0	2.0	12.0	83.0
12	76.0	2.0	20.0	2.0
13	11.0	74.0	6.0	9.0
14	20.0	33.0	30.0	17.0
15	26.0	13.0	29.0	32.0
16	18.0	25.0	24.0	33.0
XX
//
AC PH0062.1
XX
ID Hoxb7
XX
DE PH0062.1 Hoxb7 ; From JASPAR 2018
PO	A	C	G	T
01	10.0	29.0	45.0	16.0
02	16.0	24.0	21.0	40.0
03	64.0	21.0	9.0	6.0
04	9.0	22.0	39.0	29.0
05	3.0	6.0	0.0	91.0
06	93.0	4.0	0.0	3.0
07	96.0	1.0	0.0	3.0
08	3.0	0.0	1.0	96.0
09	3.0	0.0	4.0	93.0
10	91.0	0.0	6.0	3.0
11	40.0	31.0	17.0	12.0
12	6.0	9.0	21.0	64.0
13	10.0	9.0	56.0	25.0
14	21.0	31.0	25.0	23.0
15	31.0	25.0	15.0	29.0
16	45.0	13.0	29.0	13.0
XX
//
AC PH0063.1
XX
ID Hoxb8
XX
DE PH0063.1 Hoxb8 ; From JASPAR 2018
PO	A	C	G	T
01	40.0	23.0	9.0	29.0
02	17.0	43.0	30.0	10.0
03	18.0	36.0	20.0	27.0
04	23.0	17.0	34.0	26.0
05	11.0	3.0	82.0	4.0
06	1.0	62.0	0.0	36.0
07	78.0	16.0	2.0	4.0
08	97.0	1.0	1.0	1.0
09	2.0	0.0	0.0	98.0
10	19.0	1.0	0.0	80.0
11	96.0	0.0	1.0	3.0
12	79.0	4.0	2.0	15.0
13	10.0	24.0	7.0	59.0
14	60.0	14.0	13.0	13.0
15	40.0	13.0	32.0	14.0
16	45.0	10.0	12.0	32.0
XX
//
AC PH0064.1
XX
ID Hoxb9
XX
DE PH0064.1 Hoxb9 ; From JASPAR 2018
PO	A	C	G	T
01	37.0	19.0	37.0	7.0
02	36.0	16.0	41.0	7.0
03	58.0	7.0	31.0	4.0
04	10.0	13.0	65.0	12.0
05	2.0	66.0	1.0	31.0
06	42.0	54.0	1.0	3.0
07	94.0	0.0	5.0	0.0
08	1.0	1.0	0.0	98.0
09	73.0	0.0	0.0	27.0
10	96.0	0.0	0.0	4.0
11	97.0	0.0	0.0	2.0
12	87.0	1.0	3.0	9.0
13	34.0	20.0	8.0	39.0
14	20.0	27.0	10.0	43.0
15	23.0	45.0	15.0	18.0
16	25.0	18.0	36.0	21.0
XX
//
AC PH0065.1
XX
ID Hoxc10
XX
DE PH0065.1 Hoxc10 ; From JASPAR 2018
PO	A	C	G	T
01	24.0	24.0	13.0	39.0
02	39.0	12.0	24.0	25.0
03	43.0	16.0	18.0	23.0
04	34.0	14.0	29.0	23.0
05	8.0	6.0	86.0	0.0
06	0.0	4.0	0.0	96.0
07	2.0	98.0	0.0	0.0
08	30.0	0.0	70.0	0.0
09	0.0	0.0	0.0	99.0
10	85.0	0.0	0.0	14.0
11	99.0	0.0	0.0	1.0
12	98.0	1.0	0.0	1.0
13	50.0	13.0	15.0	23.0
14	22.0	33.0	15.0	30.0
15	21.0	26.0	29.0	25.0
16	14.0	15.0	30.0	41.0
XX
//
AC PH0066.1
XX
ID Hoxc11
XX
DE PH0066.1 Hoxc11 ; From JASPAR 2018
PO	A	C	G	T
01	23.0	25.0	14.0	38.0
02	53.0	12.0	20.0	16.0
03	52.0	13.0	13.0	22.0
04	38.0	14.0	27.0	21.0
05	8.0	4.0	88.0	0.0
06	0.0	3.0	0.0	97.0
07	1.0	98.0	0.0	1.0
08	23.0	0.0	76.0	0.0
09	0.0	0.0	0.0	99.0
10	86.0	0.0	0.0	14.0
11	98.0	0.0	0.0	2.0
12	99.0	0.0	0.0	1.0
13	54.0	13.0	11.0	22.0
14	22.0	27.0	19.0	32.0
15	35.0	17.0	26.0	22.0
16	20.0	12.0	35.0	33.0
XX
//
AC PH0067.1
XX
ID Hoxc12
XX
DE PH0067.1 Hoxc12 ; From JASPAR 2018
PO	A	C	G	T
01	18.0	26.0	11.0	45.0
02	29.0	20.0	12.0	39.0
03	41.0	12.0	38.0	8.0
04	20.0	19.0	53.0	9.0
05	15.0	4.0	80.0	0.0
06	0.0	3.0	0.0	97.0
07	4.0	94.0	0.0	2.0
08	13.0	0.0	87.0	0.0
09	0.0	0.0	0.0	99.0
10	92.0	1.0	0.0	7.0
11	97.0	0.0	0.0	2.0
12	98.0	1.0	0.0	1.0
13	50.0	14.0	3.0	33.0
14	34.0	24.0	7.0	35.0
15	18.0	25.0	19.0	38.0
16	31.0	14.0	24.0	32.0
17	19.0	43.0	17.0	22.0
XX
//
AC PH0068.1
XX
ID Hoxc13
XX
DE PH0068.1 Hoxc13 ; From JASPAR 2018
PO	A	C	G	T
01	33.0	22.0	13.0	33.0
02	36.0	21.0	16.0	27.0
03	42.0	15.0	15.0	27.0
04	11.0	23.0	37.0	29.0
05	3.0	84.0	13.0	0.0
06	0.0	3.0	0.0	96.0
07	2.0	89.0	0.0	9.0
08	39.0	0.0	60.0	1.0
09	0.0	2.0	0.0	98.0
10	90.0	0.0	0.0	10.0
11	96.0	0.0	0.0	4.0
12	98.0	0.0	0.0	1.0
13	65.0	8.0	5.0	22.0
14	30.0	14.0	9.0	47.0
15	16.0	23.0	16.0	46.0
16	33.0	9.0	24.0	34.0
XX
//
AC PH0069.1
XX
ID Hoxc4
XX
DE PH0069.1 Hoxc4 ; From JASPAR 2018
PO	A	C	G	T
01	14.0	69.0	10.0	7.0
02	22.0	20.0	43.0	15.0
03	36.0	35.0	13.0	16.0
04	44.0	14.0	26.0	16.0
05	11.0	8.0	6.0	76.0
06	2.0	6.0	0.0	92.0
07	95.0	4.0	0.0	0.0
08	98.0	0.0	0.0	1.0
09	1.0	0.0	0.0	98.0
10	0.0	0.0	4.0	95.0
11	92.0	0.0	6.0	2.0
12	76.0	6.0	8.0	11.0
13	11.0	36.0	22.0	30.0
14	35.0	20.0	18.0	27.0
15	53.0	24.0	15.0	9.0
16	26.0	24.0	16.0	33.0
17	30.0	26.0	20.0	25.0
XX
//
AC PH0070.1
XX
ID Hoxc5
XX
DE PH0070.1 Hoxc5 ; From JASPAR 2018
PO	A	C	G	T
01	13.0	62.0	17.0	9.0
02	18.0	21.0	46.0	15.0
03	46.0	34.0	9.0	11.0
04	51.0	9.0	32.0	8.0
05	8.0	24.0	13.0	55.0
06	2.0	10.0	0.0	88.0
07	94.0	5.0	0.0	1.0
08	97.0	0.0	1.0	2.0
09	2.0	1.0	0.0	97.0
10	1.0	0.0	5.0	94.0
11	88.0	0.0	10.0	2.0
12	55.0	13.0	24.0	8.0
13	10.0	22.0	10.0	58.0
14	34.0	17.0	13.0	35.0
15	68.0	15.0	10.0	8.0
16	23.0	29.0	19.0	29.0
17	25.0	22.0	20.0	34.0
XX
//
AC PH0071.1
XX
ID Hoxc6
XX
DE PH0071.1 Hoxc6 ; From JASPAR 2018
PO	A	C	G	T
01	14.0	45.0	16.0	25.0
02	46.0	11.0	31.0	12.0
03	48.0	17.0	13.0	23.0
04	43.0	22.0	28.0	7.0
05	10.0	4.0	40.0	46.0
06	3.0	9.0	1.0	88.0
07	91.0	2.0	1.0	6.0
08	96.0	1.0	1.0	2.0
09	2.0	1.0	1.0	96.0
10	6.0	1.0	2.0	91.0
11	88.0	1.0	9.0	3.0
12	46.0	40.0	4.0	10.0
13	12.0	22.0	24.0	42.0
14	38.0	9.0	16.0	36.0
15	46.0	16.0	23.0	15.0
16	32.0	27.0	21.0	20.0
17	32.0	18.0	23.0	27.0
XX
//
AC PH0072.1
XX
ID Hoxc8
XX
DE PH0072.1 Hoxc8 ; From JASPAR 2018
PO	A	C	G	T
01	21.0	22.0	24.0	32.0
02	28.0	19.0	9.0	44.0
03	24.0	10.0	41.0	25.0
04	32.0	10.0	36.0	23.0
05	29.0	17.0	37.0	17.0
06	13.0	7.0	56.0	24.0
07	1.0	8.0	0.0	91.0
08	91.0	5.0	0.0	4.0
09	97.0	1.0	0.0	1.0
10	1.0	0.0	1.0	97.0
11	4.0	0.0	5.0	91.0
12	91.0	0.0	8.0	1.0
13	35.0	33.0	4.0	28.0
14	17.0	37.0	17.0	29.0
15	21.0	10.0	42.0	28.0
16	9.0	16.0	17.0	59.0
XX
//
AC PH0073.1
XX
ID Hoxc9
XX
DE PH0073.1 Hoxc9 ; From JASPAR 2018
PO	A	C	G	T
01	28.0	21.0	34.0	18.0
02	21.0	12.0	38.0	29.0
03	37.0	22.0	24.0	16.0
04	20.0	6.0	59.0	15.0
05	14.0	5.0	80.0	1.0
06	3.0	20.0	1.0	77.0
07	29.0	69.0	1.0	1.0
08	89.0	1.0	10.0	1.0
09	2.0	1.0	0.0	97.0
10	29.0	1.0	0.0	70.0
11	98.0	1.0	1.0	1.0
12	95.0	2.0	1.0	3.0
13	24.0	30.0	5.0	41.0
14	21.0	27.0	9.0	43.0
15	33.0	9.0	26.0	32.0
16	18.0	20.0	25.0	37.0
XX
//
AC PH0074.1
XX
ID Hoxd1
XX
DE PH0074.1 Hoxd1 ; From JASPAR 2018
PO	A	C	G	T
01	39.0	5.0	11.0	46.0
02	46.0	16.0	28.0	10.0
03	41.0	23.0	13.0	24.0
04	40.0	15.0	40.0	5.0
05	4.0	45.0	21.0	30.0
06	1.0	14.0	0.0	85.0
07	92.0	7.0	1.0	0.0
08	99.0	0.0	0.0	1.0
09	1.0	0.0	0.0	99.0
10	0.0	1.0	7.0	92.0
11	85.0	0.0	14.0	1.0
12	30.0	21.0	45.0	4.0
13	4.0	58.0	10.0	28.0
14	7.0	8.0	19.0	66.0
15	22.0	22.0	32.0	24.0
16	23.0	17.0	27.0	32.0
17	32.0	20.0	18.0	30.0
XX
//
AC PH0075.1
XX
ID Hoxd10
XX
DE PH0075.1 Hoxd10 ; From JASPAR 2018
PO	A	C	G	T
01	41.0	29.0	22.0	8.0
02	40.0	10.0	33.0	17.0
03	5.0	19.0	34.0	42.0
04	24.0	23.0	32.0	21.0
05	3.0	55.0	1.0	41.0
06	71.0	23.0	2.0	4.0
07	83.0	1.0	2.0	13.0
08	1.0	3.0	1.0	96.0
09	81.0	0.0	0.0	18.0
10	95.0	0.0	0.0	4.0
11	93.0	1.0	1.0	6.0
12	85.0	6.0	7.0	3.0
13	19.0	24.0	5.0	51.0
14	27.0	8.0	24.0	41.0
15	34.0	13.0	19.0	35.0
16	41.0	12.0	19.0	28.0
17	28.0	24.0	16.0	32.0
XX
//
AC PH0076.1
XX
ID Hoxd11
XX
DE PH0076.1 Hoxd11 ; From JASPAR 2018
PO	A	C	G	T
01	20.0	30.0	7.0	43.0
02	38.0	24.0	12.0	26.0
03	43.0	15.0	23.0	18.0
04	32.0	19.0	33.0	16.0
05	8.0	6.0	86.0	0.0
06	0.0	2.0	0.0	97.0
07	1.0	98.0	0.0	1.0
08	17.0	0.0	82.0	0.0
09	0.0	0.0	0.0	99.0
10	84.0	0.0	0.0	16.0
11	98.0	0.0	0.0	1.0
12	98.0	1.0	0.0	1.0
13	63.0	16.0	2.0	19.0
14	28.0	19.0	12.0	41.0
15	23.0	35.0	15.0	27.0
16	25.0	30.0	17.0	28.0
17	18.0	16.0	20.0	47.0
XX
//
AC PH0077.1
XX
ID Hoxd12
XX
DE PH0077.1 Hoxd12 ; From JASPAR 2018
PO	A	C	G	T
01	19.0	35.0	11.0	35.0
02	40.0	20.0	15.0	25.0
03	37.0	19.0	23.0	21.0
04	26.0	26.0	38.0	10.0
05	11.0	7.0	83.0	0.0
06	0.0	2.0	0.0	98.0
07	2.0	97.0	0.0	1.0
08	12.0	0.0	88.0	0.0
09	0.0	0.0	0.0	99.0
10	92.0	0.0	0.0	7.0
11	98.0	0.0	0.0	1.0
12	98.0	0.0	0.0	1.0
13	58.0	15.0	3.0	25.0
14	19.0	21.0	10.0	50.0
15	19.0	37.0	18.0	26.0
16	27.0	20.0	18.0	35.0
17	22.0	14.0	25.0	40.0
XX
//
AC PH0078.1
XX
ID Hoxd13
XX
DE PH0078.1 Hoxd13 ; From JASPAR 2018
PO	A	C	G	T
01	28.0	32.0	19.0	21.0
02	30.0	18.0	19.0	34.0
03	33.0	20.0	17.0	29.0
04	5.0	54.0	8.0	33.0
05	2.0	65.0	0.0	33.0
06	68.0	12.0	0.0	20.0
07	94.0	0.0	3.0	3.0
08	0.0	1.0	0.0	98.0
09	90.0	0.0	1.0	9.0
10	97.0	0.0	0.0	3.0
11	98.0	0.0	0.0	1.0
12	90.0	4.0	2.0	4.0
13	25.0	29.0	7.0	39.0
14	19.0	30.0	11.0	40.0
15	25.0	34.0	19.0	22.0
16	25.0	25.0	18.0	32.0
XX
//
AC PH0079.1
XX
ID Hoxd3
XX
DE PH0079.1 Hoxd3 ; From JASPAR 2018
PO	A	C	G	T
01	19.0	37.0	5.0	39.0
02	19.0	8.0	8.0	65.0
03	14.0	10.0	60.0	16.0
04	37.0	10.0	33.0	21.0
05	24.0	9.0	44.0	24.0
06	14.0	24.0	29.0	33.0
07	1.0	14.0	0.0	84.0
08	87.0	12.0	0.0	0.0
09	98.0	1.0	0.0	1.0
10	1.0	0.0	1.0	98.0
11	0.0	0.0	12.0	87.0
12	84.0	0.0	14.0	1.0
13	37.0	37.0	14.0	11.0
14	24.0	44.0	9.0	24.0
15	12.0	37.0	31.0	21.0
16	9.0	22.0	21.0	48.0
XX
//
AC PH0080.1
XX
ID Hoxd8
XX
DE PH0080.1 Hoxd8 ; From JASPAR 2018
PO	A	C	G	T
01	13.0	12.0	20.0	55.0
02	60.0	12.0	11.0	16.0
03	60.0	8.0	20.0	11.0
04	33.0	5.0	29.0	33.0
05	7.0	23.0	1.0	69.0
06	72.0	12.0	3.0	12.0
07	92.0	2.0	2.0	4.0
08	4.0	1.0	1.0	94.0
09	5.0	1.0	0.0	94.0
10	95.0	0.0	1.0	3.0
11	79.0	5.0	2.0	13.0
12	7.0	9.0	5.0	79.0
13	35.0	4.0	47.0	14.0
14	24.0	7.0	56.0	13.0
15	19.0	50.0	8.0	24.0
16	19.0	9.0	14.0	59.0
17	36.0	21.0	18.0	25.0
XX
//
AC PH0081.1
XX
ID Pdx1
XX
DE PH0081.1 Pdx1 ; From JASPAR 2018
PO	A	C	G	T
01	38.0	29.0	20.0	13.0
02	35.0	25.0	21.0	20.0
03	38.0	7.0	46.0	9.0
04	8.0	27.0	47.0	17.0
05	1.0	9.0	0.0	90.0
06	89.0	10.0	1.0	0.0
07	98.0	1.0	0.0	1.0
08	1.0	0.0	1.0	98.0
09	0.0	1.0	10.0	89.0
10	90.0	0.0	9.0	1.0
11	12.0	21.0	57.0	11.0
12	9.0	46.0	7.0	38.0
13	34.0	20.0	7.0	38.0
14	17.0	50.0	19.0	13.0
15	69.0	3.0	14.0	14.0
16	22.0	18.0	23.0	36.0
XX
//
AC PH0082.1
XX
ID Irx2
XX
DE PH0082.1 Irx2 ; From JASPAR 2018
PO	A	C	G	T
01	39.0	8.0	10.0	42.0
02	47.0	13.0	13.0	28.0
03	32.0	13.0	26.0	30.0
04	41.0	14.0	25.0	20.0
05	22.0	1.0	3.0	74.0
06	95.0	1.0	1.0	3.0
07	0.0	97.0	1.0	1.0
08	96.0	0.0	1.0	3.0
09	3.0	1.0	0.0	96.0
10	1.0	1.0	97.0	0.0
11	3.0	1.0	1.0	95.0
12	74.0	3.0	1.0	22.0
13	40.0	17.0	21.0	21.0
14	30.0	19.0	29.0	22.0
15	40.0	11.0	12.0	37.0
16	18.0	20.0	27.0	36.0
17	34.0	11.0	8.0	47.0
XX
//
AC PH0083.1
XX
ID Irx3_1
XX
DE PH0083.1 Irx3_1 ; From JASPAR 2018
PO	A	C	G	T
01	37.0	9.0	21.0	34.0
02	33.0	16.0	28.0	22.0
03	29.0	19.0	23.0	29.0
04	30.0	22.0	26.0	22.0
05	22.0	1.0	5.0	72.0
06	94.0	1.0	1.0	4.0
07	0.0	98.0	1.0	1.0
08	92.0	0.0	2.0	6.0
09	6.0	2.0	0.0	92.0
10	1.0	1.0	98.0	0.0
11	4.0	1.0	1.0	94.0
12	72.0	5.0	1.0	22.0
13	45.0	23.0	17.0	16.0
14	31.0	7.0	18.0	44.0
15	52.0	7.0	11.0	30.0
16	19.0	39.0	13.0	30.0
17	28.0	13.0	19.0	41.0
XX
//
AC PH0084.1
XX
ID Irx3_2
XX
DE PH0084.1 Irx3_2 ; From JASPAR 2018
PO	A	C	G	T
01	40.0	11.0	16.0	33.0
02	38.0	13.0	24.0	25.0
03	27.0	15.0	26.0	32.0
04	28.0	24.0	24.0	25.0
05	22.0	1.0	3.0	74.0
06	95.0	1.0	1.0	2.0
07	1.0	97.0	0.0	2.0
08	95.0	0.0	1.0	4.0
09	4.0	1.0	0.0	95.0
10	2.0	0.0	97.0	1.0
11	2.0	1.0	1.0	95.0
12	74.0	3.0	1.0	22.0
13	45.0	20.0	20.0	15.0
14	27.0	9.0	16.0	49.0
15	41.0	11.0	15.0	32.0
16	18.0	27.0	16.0	39.0
17	36.0	13.0	16.0	36.0
XX
//
AC PH0085.1
XX
ID Irx4
XX
DE PH0085.1 Irx4 ; From JASPAR 2018
PO	A	C	G	T
01	45.0	8.0	14.0	33.0
02	35.0	18.0	23.0	24.0
03	30.0	20.0	19.0	31.0
04	27.0	23.0	26.0	24.0
05	33.0	1.0	4.0	63.0
06	91.0	1.0	2.0	6.0
07	1.0	94.0	1.0	5.0
08	90.0	0.0	2.0	8.0
09	8.0	2.0	0.0	90.0
10	5.0	1.0	94.0	1.0
11	6.0	2.0	1.0	91.0
12	63.0	4.0	1.0	33.0
13	56.0	19.0	10.0	14.0
14	46.0	8.0	16.0	30.0
15	51.0	11.0	13.0	25.0
16	20.0	32.0	24.0	24.0
17	39.0	14.0	15.0	33.0
XX
//
AC PH0086.1
XX
ID Irx5
XX
DE PH0086.1 Irx5 ; From JASPAR 2018
PO	A	C	G	T
01	37.0	11.0	15.0	37.0
02	44.0	10.0	19.0	27.0
03	31.0	17.0	20.0	32.0
04	33.0	22.0	21.0	24.0
05	33.0	1.0	7.0	60.0
06	93.0	2.0	1.0	4.0
07	0.0	96.0	1.0	3.0
08	94.0	0.0	1.0	5.0
09	5.0	1.0	0.0	94.0
10	3.0	1.0	96.0	0.0
11	4.0	1.0	2.0	93.0
12	60.0	7.0	1.0	33.0
13	35.0	24.0	20.0	22.0
14	38.0	11.0	21.0	30.0
15	54.0	7.0	12.0	27.0
16	21.0	21.0	25.0	33.0
17	30.0	11.0	13.0	45.0
XX
//
AC PH0087.1
XX
ID Irx6
XX
DE PH0087.1 Irx6 ; From JASPAR 2018
PO	A	C	G	T
01	36.0	18.0	12.0	34.0
02	54.0	13.0	12.0	21.0
03	40.0	16.0	12.0	32.0
04	31.0	16.0	28.0	24.0
05	20.0	1.0	3.0	76.0
06	95.0	1.0	1.0	3.0
07	1.0	96.0	1.0	3.0
08	95.0	0.0	2.0	3.0
09	3.0	2.0	0.0	95.0
10	3.0	1.0	96.0	1.0
11	3.0	1.0	1.0	95.0
12	76.0	3.0	1.0	20.0
13	37.0	27.0	18.0	18.0
14	40.0	10.0	21.0	28.0
15	48.0	11.0	11.0	30.0
16	32.0	22.0	21.0	25.0
17	13.0	6.0	7.0	74.0
XX
//
AC PH0088.1
XX
ID Isl2
XX
DE PH0088.1 Isl2 ; From JASPAR 2018
PO	A	C	G	T
01	38.0	46.0	7.0	9.0
02	37.0	25.0	9.0	28.0
03	40.0	35.0	12.0	13.0
04	58.0	15.0	13.0	14.0
05	74.0	12.0	5.0	9.0
06	6.0	30.0	9.0	55.0
07	2.0	51.0	1.0	47.0
08	60.0	36.0	2.0	2.0
09	71.0	28.0	1.0	1.0
10	1.0	1.0	0.0	97.0
11	1.0	1.0	0.0	97.0
12	93.0	0.0	1.0	6.0
13	66.0	4.0	21.0	9.0
14	15.0	11.0	31.0	44.0
15	32.0	10.0	14.0	44.0
16	20.0	28.0	8.0	43.0
XX
//
AC PH0089.1
XX
ID Isx
XX
DE PH0089.1 Isx ; From JASPAR 2018
PO	A	C	G	T
01	34.0	26.0	12.0	28.0
02	27.0	31.0	22.0	20.0
03	20.0	28.0	20.0	33.0
04	30.0	31.0	27.0	12.0
05	4.0	86.0	1.0	8.0
06	0.0	39.0	0.0	60.0
07	99.0	1.0	0.0	1.0
08	99.0	0.0	0.0	1.0
09	1.0	0.0	0.0	99.0
10	1.0	0.0	1.0	99.0
11	60.0	0.0	39.0	0.0
12	8.0	1.0	86.0	4.0
13	12.0	21.0	33.0	34.0
14	14.0	30.0	28.0	28.0
15	16.0	22.0	47.0	14.0
16	32.0	10.0	17.0	41.0
XX
//
AC PH0090.1
XX
ID Lbx2
XX
DE PH0090.1 Lbx2 ; From JASPAR 2018
PO	A	C	G	T
01	24.0	6.0	6.0	65.0
02	22.0	24.0	44.0	9.0
03	31.0	34.0	14.0	21.0
04	39.0	22.0	19.0	21.0
05	3.0	40.0	1.0	55.0
06	1.0	28.0	0.0	71.0
07	95.0	1.0	1.0	2.0
08	97.0	1.0	2.0	0.0
09	0.0	2.0	1.0	97.0
10	2.0	1.0	1.0	95.0
11	71.0	0.0	28.0	1.0
12	55.0	1.0	40.0	3.0
13	13.0	30.0	13.0	44.0
14	15.0	24.0	33.0	28.0
15	14.0	39.0	38.0	9.0
16	35.0	10.0	36.0	19.0
17	40.0	19.0	26.0	14.0
XX
//
AC PH0091.1
XX
ID Lhx1
XX
DE PH0091.1 Lhx1 ; From JASPAR 2018
PO	A	C	G	T
01	32.0	37.0	22.0	9.0
02	23.0	18.0	49.0	10.0
03	38.0	17.0	19.0	25.0
04	58.0	9.0	16.0	16.0
05	3.0	17.0	2.0	78.0
06	1.0	8.0	0.0	91.0
07	98.0	1.0	1.0	0.0
08	98.0	0.0	0.0	2.0
09	2.0	0.0	0.0	98.0
10	0.0	1.0	1.0	98.0
11	91.0	0.0	8.0	1.0
12	78.0	2.0	17.0	3.0
13	37.0	15.0	8.0	40.0
14	50.0	12.0	9.0	29.0
15	64.0	11.0	6.0	19.0
16	28.0	29.0	14.0	30.0
17	15.0	18.0	35.0	32.0
XX
//
AC PH0092.1
XX
ID Lhx2
XX
DE PH0092.1 Lhx2 ; From JASPAR 2018
PO	A	C	G	T
01	31.0	7.0	12.0	50.0
02	44.0	24.0	21.0	11.0
03	45.0	24.0	12.0	19.0
04	66.0	13.0	14.0	6.0
05	5.0	67.0	1.0	27.0
06	1.0	18.0	0.0	81.0
07	93.0	6.0	0.0	0.0
08	96.0	0.0	4.0	0.0
09	0.0	4.0	0.0	96.0
10	0.0	0.0	6.0	93.0
11	81.0	0.0	18.0	1.0
12	27.0	1.0	67.0	5.0
13	11.0	35.0	15.0	39.0
14	14.0	11.0	39.0	36.0
15	38.0	28.0	17.0	17.0
16	27.0	26.0	22.0	25.0
17	23.0	28.0	26.0	23.0
XX
//
AC PH0093.1
XX
ID Lhx3
XX
DE PH0093.1 Lhx3 ; From JASPAR 2018
PO	A	C	G	T
01	23.0	29.0	37.0	11.0
02	26.0	23.0	25.0	26.0
03	56.0	23.0	4.0	18.0
04	63.0	9.0	20.0	8.0
05	2.0	10.0	1.0	87.0
06	2.0	3.0	0.0	95.0
07	97.0	0.0	2.0	0.0
08	98.0	0.0	0.0	1.0
09	1.0	0.0	0.0	98.0
10	0.0	2.0	0.0	97.0
11	95.0	0.0	3.0	2.0
12	87.0	1.0	10.0	2.0
13	43.0	9.0	13.0	36.0
14	34.0	3.0	8.0	54.0
15	41.0	28.0	8.0	23.0
16	34.0	32.0	11.0	24.0
17	11.0	23.0	31.0	34.0
XX
//
AC PH0094.1
XX
ID Lhx4
XX
DE PH0094.1 Lhx4 ; From JASPAR 2018
PO	A	C	G	T
01	24.0	10.0	29.0	37.0
02	53.0	24.0	5.0	18.0
03	41.0	17.0	18.0	24.0
04	39.0	22.0	23.0	16.0
05	8.0	71.0	13.0	8.0
06	1.0	20.0	0.0	79.0
07	92.0	1.0	7.0	0.0
08	99.0	0.0	1.0	0.0
09	0.0	1.0	0.0	99.0
10	0.0	7.0	1.0	92.0
11	79.0	0.0	20.0	1.0
12	8.0	13.0	71.0	8.0
13	9.0	42.0	27.0	22.0
14	9.0	11.0	25.0	56.0
15	31.0	9.0	14.0	46.0
16	6.0	8.0	19.0	67.0
17	18.0	12.0	55.0	15.0
XX
//
AC PH0095.1
XX
ID Lhx5
XX
DE PH0095.1 Lhx5 ; From JASPAR 2018
PO	A	C	G	T
01	19.0	35.0	30.0	16.0
02	25.0	20.0	31.0	23.0
03	47.0	20.0	14.0	20.0
04	62.0	6.0	20.0	12.0
05	3.0	10.0	2.0	85.0
06	1.0	7.0	0.0	92.0
07	98.0	1.0	1.0	0.0
08	98.0	0.0	0.0	1.0
09	1.0	0.0	0.0	98.0
10	0.0	1.0	1.0	98.0
11	92.0	0.0	7.0	1.0
12	85.0	2.0	10.0	3.0
13	53.0	14.0	7.0	26.0
14	30.0	12.0	6.0	53.0
15	40.0	24.0	16.0	21.0
16	31.0	32.0	15.0	23.0
17	9.0	29.0	21.0	42.0
XX
//
AC PH0096.1
XX
ID Lhx6_1
XX
DE PH0096.1 Lhx6_1 ; From JASPAR 2018
PO	A	C	G	T
01	16.0	31.0	38.0	15.0
02	40.0	12.0	15.0	33.0
03	28.0	19.0	34.0	18.0
04	24.0	56.0	9.0	12.0
05	31.0	11.0	53.0	6.0
06	6.0	46.0	2.0	47.0
07	1.0	12.0	0.0	88.0
08	83.0	1.0	16.0	0.0
09	98.0	0.0	1.0	0.0
10	0.0	1.0	0.0	98.0
11	0.0	16.0	1.0	83.0
12	88.0	0.0	12.0	1.0
13	47.0	2.0	46.0	6.0
14	11.0	13.0	27.0	50.0
15	22.0	11.0	41.0	26.0
16	6.0	28.0	22.0	44.0
17	52.0	10.0	6.0	31.0
XX
//
AC PH0097.1
XX
ID Lhx6_2
XX
DE PH0097.1 Lhx6_2 ; From JASPAR 2018
PO	A	C	G	T
01	31.0	7.0	6.0	56.0
02	31.0	50.0	10.0	8.0
03	24.0	32.0	21.0	24.0
04	33.0	24.0	32.0	11.0
05	4.0	72.0	3.0	21.0
06	1.0	15.0	0.0	84.0
07	81.0	1.0	18.0	0.0
08	99.0	0.0	1.0	0.0
09	0.0	1.0	0.0	99.0
10	0.0	18.0	1.0	81.0
11	84.0	0.0	15.0	1.0
12	21.0	3.0	72.0	4.0
13	7.0	67.0	10.0	15.0
14	16.0	12.0	52.0	20.0
15	22.0	18.0	39.0	21.0
16	29.0	12.0	22.0	37.0
17	15.0	22.0	30.0	33.0
XX
//
AC PH0098.1
XX
ID Lhx8
XX
DE PH0098.1 Lhx8 ; From JASPAR 2018
PO	A	C	G	T
01	38.0	20.0	14.0	28.0
02	27.0	44.0	16.0	13.0
03	33.0	36.0	17.0	14.0
04	29.0	39.0	25.0	7.0
05	6.0	85.0	5.0	4.0
06	1.0	17.0	0.0	82.0
07	86.0	1.0	13.0	0.0
08	98.0	0.0	1.0	0.0
09	0.0	1.0	0.0	98.0
10	0.0	13.0	1.0	86.0
11	82.0	0.0	17.0	1.0
12	4.0	5.0	85.0	6.0
13	2.0	73.0	9.0	16.0
14	14.0	12.0	49.0	25.0
15	15.0	12.0	50.0	23.0
16	8.0	19.0	20.0	54.0
17	18.0	14.0	51.0	17.0
XX
//
AC PH0099.1
XX
ID Lhx9
XX
DE PH0099.1 Lhx9 ; From JASPAR 2018
PO	A	C	G	T
01	14.0	55.0	14.0	17.0
02	5.0	38.0	35.0	22.0
03	20.0	48.0	6.0	25.0
04	66.0	7.0	14.0	12.0
05	10.0	27.0	4.0	59.0
06	2.0	15.0	0.0	83.0
07	96.0	3.0	2.0	0.0
08	97.0	0.0	2.0	1.0
09	1.0	2.0	0.0	97.0
10	0.0	2.0	3.0	96.0
11	83.0	0.0	15.0	2.0
12	59.0	4.0	27.0	10.0
13	18.0	10.0	11.0	61.0
14	21.0	36.0	16.0	27.0
15	51.0	26.0	15.0	8.0
16	16.0	44.0	21.0	19.0
17	9.0	37.0	18.0	36.0
XX
//
AC PH0100.1
XX
ID Lmx1a
XX
DE PH0100.1 Lmx1a ; From JASPAR 2018
PO	A	C	G	T
01	16.0	51.0	25.0	8.0
02	17.0	21.0	48.0	14.0
03	43.0	18.0	16.0	23.0
04	42.0	13.0	13.0	32.0
05	6.0	13.0	4.0	77.0
06	3.0	4.0	0.0	93.0
07	94.0	1.0	1.0	5.0
08	96.0	0.0	0.0	3.0
09	3.0	0.0	0.0	96.0
10	5.0	1.0	1.0	94.0
11	93.0	0.0	4.0	3.0
12	77.0	4.0	13.0	6.0
13	50.0	6.0	9.0	35.0
14	52.0	12.0	5.0	30.0
15	48.0	18.0	7.0	27.0
16	22.0	37.0	15.0	26.0
17	17.0	34.0	17.0	32.0
XX
//
AC PH0101.1
XX
ID Lmx1b
XX
DE PH0101.1 Lmx1b ; From JASPAR 2018
PO	A	C	G	T
01	34.0	22.0	31.0	14.0
02	25.0	13.0	39.0	23.0
03	32.0	9.0	15.0	44.0
04	37.0	5.0	9.0	49.0
05	36.0	9.0	6.0	49.0
06	2.0	16.0	2.0	80.0
07	2.0	2.0	0.0	96.0
08	97.0	1.0	0.0	2.0
09	98.0	0.0	1.0	2.0
10	2.0	1.0	0.0	98.0
11	2.0	0.0	1.0	97.0
12	96.0	0.0	2.0	2.0
13	80.0	2.0	16.0	2.0
14	24.0	12.0	12.0	53.0
15	28.0	10.0	19.0	43.0
16	25.0	26.0	14.0	36.0
17	14.0	25.0	35.0	26.0
XX
//
AC PH0102.1
XX
ID Meis1
XX
DE PH0102.1 Meis1 ; From JASPAR 2018
PO	A	C	G	T
01	43.0	11.0	13.0	32.0
02	51.0	6.0	21.0	22.0
03	23.0	28.0	28.0	22.0
04	9.0	29.0	36.0	26.0
05	95.0	1.0	3.0	2.0
06	3.0	44.0	51.0	3.0
07	2.0	96.0	1.0	0.0
08	0.0	2.0	0.0	98.0
09	1.0	0.0	99.0	0.0
10	3.0	0.0	0.0	97.0
11	0.0	99.0	0.0	0.0
12	99.0	0.0	0.0	0.0
13	70.0	2.0	1.0	27.0
14	36.0	9.0	9.0	46.0
15	45.0	20.0	18.0	16.0
16	20.0	39.0	17.0	23.0
XX
//
AC PH0103.1
XX
ID Meox1
XX
DE PH0103.1 Meox1 ; From JASPAR 2018
PO	A	C	G	T
01	30.0	20.0	43.0	7.0
02	39.0	29.0	27.0	6.0
03	18.0	12.0	44.0	25.0
04	18.0	9.0	53.0	20.0
05	1.0	17.0	0.0	82.0
06	91.0	6.0	3.0	0.0
07	98.0	1.0	0.0	1.0
08	1.0	0.0	1.0	98.0
09	0.0	3.0	6.0	91.0
10	82.0	0.0	17.0	1.0
11	10.0	43.0	28.0	19.0
12	25.0	44.0	12.0	18.0
13	16.0	29.0	8.0	47.0
14	16.0	40.0	20.0	24.0
15	75.0	8.0	8.0	9.0
16	18.0	9.0	57.0	16.0
XX
//
AC PH0104.1
XX
ID Meis2
XX
DE PH0104.1 Meis2 ; From JASPAR 2018
PO	A	C	G	T
01	38.0	15.0	10.0	37.0
02	51.0	9.0	18.0	23.0
03	28.0	23.0	28.0	21.0
04	7.0	34.0	36.0	23.0
05	92.0	1.0	4.0	3.0
06	2.0	55.0	42.0	2.0
07	2.0	96.0	1.0	1.0
08	0.0	2.0	0.0	98.0
09	1.0	0.0	98.0	0.0
10	4.0	0.0	0.0	96.0
11	0.0	99.0	0.0	1.0
12	99.0	0.0	1.0	1.0
13	72.0	4.0	2.0	22.0
14	33.0	8.0	10.0	48.0
15	47.0	20.0	15.0	18.0
16	21.0	33.0	21.0	25.0
XX
//
AC PH0105.1
XX
ID Meis3
XX
DE PH0105.1 Meis3 ; From JASPAR 2018
PO	A	C	G	T
01	45.0	13.0	14.0	28.0
02	59.0	6.0	18.0	17.0
03	26.0	21.0	25.0	27.0
04	11.0	28.0	30.0	31.0
05	77.0	2.0	15.0	6.0
06	3.0	51.0	42.0	4.0
07	5.0	87.0	2.0	6.0
08	0.0	3.0	0.0	97.0
09	1.0	0.0	99.0	0.0
10	3.0	1.0	0.0	96.0
11	0.0	99.0	0.0	0.0
12	98.0	0.0	1.0	1.0
13	64.0	6.0	3.0	26.0
14	32.0	13.0	12.0	43.0
15	43.0	27.0	16.0	14.0
16	25.0	43.0	15.0	18.0
XX
//
AC PH0106.1
XX
ID Msx1
XX
DE PH0106.1 Msx1 ; From JASPAR 2018
PO	A	C	G	T
01	18.0	24.0	27.0	32.0
02	25.0	19.0	39.0	17.0
03	29.0	43.0	11.0	17.0
04	36.0	20.0	11.0	33.0
05	66.0	6.0	16.0	12.0
06	14.0	43.0	13.0	31.0
07	1.0	24.0	0.0	75.0
08	98.0	2.0	0.0	0.0
09	99.0	0.0	0.0	0.0
10	1.0	0.0	0.0	99.0
11	1.0	0.0	0.0	99.0
12	82.0	0.0	17.0	1.0
13	44.0	17.0	21.0	18.0
14	10.0	11.0	18.0	62.0
15	26.0	23.0	18.0	33.0
16	31.0	36.0	13.0	20.0
XX
//
AC PH0107.1
XX
ID Msx2
XX
DE PH0107.1 Msx2 ; From JASPAR 2018
PO	A	C	G	T
01	28.0	26.0	31.0	16.0
02	38.0	28.0	18.0	16.0
03	44.0	12.0	24.0	20.0
04	14.0	23.0	54.0	9.0
05	70.0	8.0	13.0	9.0
06	2.0	80.0	11.0	7.0
07	1.0	56.0	0.0	43.0
08	99.0	0.0	0.0	1.0
09	99.0	1.0	0.0	0.0
10	1.0	0.0	0.0	99.0
11	1.0	1.0	0.0	98.0
12	96.0	0.0	4.0	1.0
13	15.0	5.0	56.0	24.0
14	11.0	42.0	8.0	39.0
15	16.0	10.0	47.0	27.0
16	25.0	36.0	11.0	28.0
17	9.0	21.0	11.0	58.0
XX
//
AC PH0108.1
XX
ID Msx3
XX
DE PH0108.1 Msx3 ; From JASPAR 2018
PO	A	C	G	T
01	32.0	35.0	23.0	10.0
02	60.0	13.0	16.0	10.0
03	40.0	29.0	10.0	21.0
04	75.0	5.0	13.0	6.0
05	77.0	9.0	9.0	5.0
06	4.0	67.0	19.0	10.0
07	0.0	52.0	0.0	47.0
08	99.0	0.0	1.0	0.0
09	99.0	1.0	0.0	0.0
10	1.0	0.0	0.0	99.0
11	1.0	1.0	0.0	98.0
12	99.0	0.0	1.0	1.0
13	70.0	3.0	15.0	12.0
14	18.0	18.0	30.0	33.0
15	22.0	22.0	18.0	37.0
16	31.0	21.0	10.0	38.0
XX
//
AC PH0109.1
XX
ID Nkx1-1
XX
DE PH0109.1 Nkx1-1 ; From JASPAR 2018
PO	A	C	G	T
01	35.0	7.0	12.0	46.0
02	17.0	25.0	55.0	4.0
03	26.0	48.0	13.0	13.0
04	35.0	20.0	40.0	4.0
05	5.0	63.0	13.0	19.0
06	1.0	42.0	0.0	58.0
07	88.0	11.0	0.0	0.0
08	95.0	0.0	0.0	4.0
09	4.0	0.0	0.0	95.0
10	0.0	0.0	11.0	88.0
11	58.0	0.0	42.0	1.0
12	19.0	13.0	63.0	5.0
13	1.0	46.0	6.0	47.0
14	11.0	10.0	68.0	11.0
15	10.0	31.0	49.0	9.0
16	16.0	16.0	49.0	19.0
17	36.0	20.0	26.0	18.0
XX
//
AC PH0110.1
XX
ID Nkx1-2
XX
DE PH0110.1 Nkx1-2 ; From JASPAR 2018
PO	A	C	G	T
01	26.0	16.0	30.0	29.0
02	19.0	16.0	23.0	43.0
03	12.0	25.0	35.0	28.0
04	20.0	50.0	18.0	13.0
05	48.0	7.0	40.0	6.0
06	11.0	47.0	7.0	35.0
07	2.0	30.0	0.0	68.0
08	93.0	6.0	0.0	0.0
09	96.0	0.0	0.0	4.0
10	4.0	0.0	0.0	96.0
11	0.0	0.0	6.0	93.0
12	68.0	0.0	30.0	2.0
13	35.0	7.0	47.0	11.0
14	11.0	15.0	18.0	56.0
15	28.0	15.0	34.0	23.0
16	10.0	57.0	20.0	14.0
17	56.0	5.0	2.0	36.0
XX
//
AC PH0111.1
XX
ID Nkx2-2
XX
DE PH0111.1 Nkx2-2 ; From JASPAR 2018
PO	A	C	G	T
01	30.0	26.0	14.0	30.0
02	27.0	14.0	15.0	44.0
03	48.0	21.0	23.0	7.0
04	43.0	7.0	33.0	16.0
05	12.0	70.0	17.0	0.0
06	0.0	88.0	0.0	12.0
07	92.0	1.0	0.0	7.0
08	2.0	97.0	0.0	0.0
09	1.0	0.0	0.0	99.0
10	0.0	20.0	0.0	80.0
11	13.0	10.0	75.0	1.0
12	93.0	0.0	1.0	6.0
13	50.0	11.0	36.0	3.0
14	67.0	7.0	11.0	15.0
15	36.0	10.0	23.0	32.0
16	13.0	19.0	20.0	48.0
17	29.0	16.0	23.0	32.0
XX
//
AC PH0112.1
XX
ID Nkx2-3
XX
DE PH0112.1 Nkx2-3 ; From JASPAR 2018
PO	A	C	G	T
01	11.0	43.0	7.0	38.0
02	10.0	37.0	14.0	40.0
03	8.0	14.0	9.0	68.0
04	16.0	15.0	10.0	59.0
05	80.0	0.0	17.0	3.0
06	88.0	1.0	9.0	2.0
07	1.0	2.0	96.0	1.0
08	0.0	25.0	0.0	75.0
09	75.0	0.0	25.0	0.0
10	1.0	96.0	2.0	1.0
11	2.0	9.0	1.0	88.0
12	3.0	17.0	0.0	80.0
13	53.0	17.0	20.0	9.0
14	58.0	8.0	23.0	11.0
15	21.0	21.0	19.0	39.0
16	23.0	17.0	40.0	20.0
XX
//
AC PH0113.1
XX
ID Nkx2-4
XX
DE PH0113.1 Nkx2-4 ; From JASPAR 2018
PO	A	C	G	T
01	28.0	21.0	16.0	36.0
02	50.0	12.0	19.0	19.0
03	63.0	5.0	13.0	19.0
04	25.0	17.0	40.0	17.0
05	9.0	76.0	13.0	2.0
06	1.0	82.0	0.0	17.0
07	85.0	1.0	0.0	13.0
08	2.0	97.0	0.0	0.0
09	0.0	0.0	0.0	99.0
10	1.0	22.0	0.0	77.0
11	28.0	18.0	53.0	2.0
12	89.0	0.0	3.0	9.0
13	43.0	38.0	15.0	4.0
14	51.0	16.0	4.0	28.0
15	23.0	19.0	5.0	54.0
16	14.0	25.0	5.0	56.0
XX
//
AC PH0114.1
XX
ID Nkx2-5
XX
DE PH0114.1 Nkx2-5 ; From JASPAR 2018
PO	A	C	G	T
01	28.0	28.0	14.0	30.0
02	40.0	11.0	33.0	16.0
03	64.0	3.0	22.0	11.0
04	18.0	14.0	37.0	30.0
05	2.0	86.0	12.0	0.0
06	0.0	96.0	0.0	4.0
07	95.0	1.0	0.0	4.0
08	2.0	97.0	0.0	0.0
09	0.0	0.0	0.0	99.0
10	1.0	7.0	0.0	92.0
11	39.0	9.0	49.0	2.0
12	87.0	1.0	5.0	7.0
13	63.0	16.0	17.0	4.0
14	36.0	13.0	9.0	42.0
15	13.0	21.0	3.0	64.0
16	9.0	27.0	9.0	55.0
XX
//
AC PH0115.1
XX
ID Nkx2-6
XX
DE PH0115.1 Nkx2-6 ; From JASPAR 2018
PO	A	C	G	T
01	22.0	20.0	22.0	36.0
02	40.0	16.0	27.0	18.0
03	79.0	2.0	13.0	6.0
04	21.0	15.0	35.0	29.0
05	2.0	85.0	13.0	0.0
06	0.0	94.0	0.0	6.0
07	97.0	0.0	0.0	3.0
08	2.0	98.0	0.0	0.0
09	0.0	0.0	0.0	99.0
10	0.0	6.0	0.0	94.0
11	67.0	1.0	31.0	1.0
12	76.0	1.0	3.0	20.0
13	34.0	36.0	28.0	3.0
14	44.0	20.0	11.0	25.0
15	13.0	21.0	4.0	62.0
16	9.0	23.0	3.0	65.0
XX
//
AC PH0116.1
XX
ID Nkx2-9
XX
DE PH0116.1 Nkx2-9 ; From JASPAR 2018
PO	A	C	G	T
01	25.0	8.0	16.0	51.0
02	15.0	20.0	12.0	53.0
03	23.0	15.0	7.0	54.0
04	32.0	10.0	24.0	34.0
05	67.0	0.0	31.0	2.0
06	87.0	1.0	9.0	3.0
07	1.0	3.0	96.0	1.0
08	0.0	22.0	0.0	77.0
09	77.0	0.0	22.0	0.0
10	1.0	96.0	3.0	1.0
11	3.0	9.0	1.0	87.0
12	2.0	31.0	0.0	67.0
13	41.0	17.0	25.0	16.0
14	79.0	2.0	5.0	13.0
15	59.0	12.0	10.0	18.0
16	24.0	12.0	21.0	43.0
17	15.0	36.0	13.0	37.0
XX
//
AC PH0117.1
XX
ID Nkx3-1
XX
DE PH0117.1 Nkx3-1 ; From JASPAR 2018
PO	A	C	G	T
01	23.0	13.0	21.0	43.0
02	36.0	12.0	16.0	36.0
03	23.0	35.0	16.0	26.0
04	29.0	8.0	23.0	41.0
05	76.0	0.0	22.0	2.0
06	85.0	1.0	12.0	2.0
07	1.0	4.0	94.0	1.0
08	0.0	14.0	1.0	85.0
09	85.0	1.0	14.0	0.0
10	1.0	94.0	4.0	1.0
11	2.0	12.0	1.0	85.0
12	2.0	22.0	0.0	76.0
13	69.0	10.0	5.0	16.0
14	63.0	5.0	22.0	9.0
15	57.0	14.0	14.0	15.0
16	30.0	8.0	17.0	44.0
17	20.0	25.0	30.0	24.0
XX
//
AC PH0118.1
XX
ID Nkx6-1_1
XX
DE PH0118.1 Nkx6-1_1 ; From JASPAR 2018
PO	A	C	G	T
01	23.0	14.0	47.0	16.0
02	34.0	31.0	21.0	15.0
03	35.0	16.0	15.0	34.0
04	56.0	8.0	11.0	25.0
05	77.0	2.0	2.0	19.0
06	18.0	1.0	2.0	78.0
07	0.0	4.0	0.0	95.0
08	99.0	0.0	0.0	1.0
09	98.0	0.0	0.0	1.0
10	2.0	0.0	0.0	98.0
11	1.0	1.0	17.0	81.0
12	88.0	0.0	9.0	3.0
13	32.0	45.0	10.0	13.0
14	12.0	30.0	11.0	47.0
15	14.0	26.0	21.0	39.0
16	14.0	31.0	25.0	30.0
17	6.0	24.0	51.0	19.0
XX
//
AC PH0119.1
XX
ID Nkx6-1_2
XX
DE PH0119.1 Nkx6-1_2 ; From JASPAR 2018
PO	A	C	G	T
01	37.0	23.0	25.0	14.0
02	26.0	24.0	39.0	11.0
03	9.0	21.0	6.0	64.0
04	56.0	8.0	7.0	29.0
05	84.0	2.0	2.0	11.0
06	18.0	1.0	4.0	77.0
07	0.0	7.0	0.0	93.0
08	98.0	0.0	1.0	1.0
09	98.0	0.0	0.0	1.0
10	2.0	0.0	0.0	98.0
11	1.0	2.0	26.0	71.0
12	79.0	0.0	17.0	4.0
13	9.0	43.0	22.0	26.0
14	15.0	24.0	28.0	34.0
15	8.0	34.0	6.0	51.0
16	12.0	57.0	13.0	18.0
XX
//
AC PH0120.1
XX
ID Nkx6-3
XX
DE PH0120.1 Nkx6-3 ; From JASPAR 2018
PO	A	C	G	T
01	21.0	17.0	43.0	19.0
02	38.0	23.0	22.0	16.0
03	31.0	21.0	17.0	31.0
04	46.0	10.0	10.0	34.0
05	68.0	3.0	2.0	28.0
06	18.0	2.0	3.0	78.0
07	1.0	7.0	0.0	92.0
08	99.0	0.0	1.0	1.0
09	98.0	0.0	1.0	1.0
10	2.0	0.0	0.0	97.0
11	1.0	2.0	25.0	72.0
12	84.0	0.0	12.0	3.0
13	30.0	35.0	23.0	12.0
14	9.0	19.0	16.0	56.0
15	14.0	22.0	31.0	33.0
16	19.0	26.0	23.0	31.0
17	8.0	22.0	45.0	25.0
XX
//
AC PH0121.1
XX
ID Obox1
XX
DE PH0121.1 Obox1 ; From JASPAR 2018
PO	A	C	G	T
01	24.0	13.0	24.0	39.0
02	22.0	11.0	21.0	47.0
03	65.0	11.0	16.0	8.0
04	45.0	11.0	37.0	7.0
05	25.0	2.0	69.0	5.0
06	9.0	1.0	88.0	2.0
07	5.0	0.0	95.0	0.0
08	0.0	0.0	96.0	4.0
09	97.0	3.0	0.0	0.0
10	0.0	1.0	0.0	99.0
11	1.0	1.0	0.0	98.0
12	95.0	0.0	0.0	5.0
13	71.0	2.0	5.0	22.0
14	23.0	62.0	7.0	7.0
15	26.0	15.0	16.0	44.0
16	45.0	20.0	9.0	26.0
17	18.0	33.0	18.0	30.0
XX
//
AC PH0122.1
XX
ID Obox2
XX
DE PH0122.1 Obox2 ; From JASPAR 2018
PO	A	C	G	T
01	29.0	13.0	14.0	44.0
02	12.0	14.0	41.0	32.0
03	45.0	15.0	31.0	9.0
04	15.0	6.0	65.0	14.0
05	19.0	4.0	73.0	5.0
06	7.0	2.0	86.0	4.0
07	6.0	1.0	92.0	1.0
08	2.0	0.0	95.0	3.0
09	97.0	2.0	0.0	1.0
10	1.0	0.0	1.0	98.0
11	2.0	1.0	0.0	97.0
12	93.0	0.0	1.0	5.0
13	69.0	2.0	8.0	21.0
14	29.0	52.0	6.0	12.0
15	26.0	6.0	15.0	52.0
16	51.0	23.0	9.0	16.0
17	22.0	24.0	8.0	46.0
XX
//
AC PH0123.1
XX
ID Obox3
XX
DE PH0123.1 Obox3 ; From JASPAR 2018
PO	A	C	G	T
01	27.0	17.0	15.0	41.0
02	13.0	27.0	35.0	25.0
03	34.0	21.0	33.0	11.0
04	15.0	16.0	58.0	10.0
05	26.0	3.0	63.0	8.0
06	11.0	4.0	77.0	8.0
07	8.0	0.0	91.0	1.0
08	1.0	0.0	97.0	2.0
09	98.0	1.0	0.0	1.0
10	0.0	0.0	1.0	99.0
11	1.0	1.0	0.0	98.0
12	95.0	0.0	1.0	3.0
13	72.0	2.0	13.0	14.0
14	14.0	67.0	9.0	10.0
15	28.0	6.0	16.0	50.0
16	43.0	29.0	11.0	17.0
17	26.0	27.0	7.0	40.0
XX
//
AC PH0124.1
XX
ID Obox5_1
XX
DE PH0124.1 Obox5_1 ; From JASPAR 2018
PO	A	C	G	T
01	28.0	19.0	14.0	39.0
02	34.0	4.0	33.0	29.0
03	27.0	23.0	33.0	17.0
04	39.0	14.0	38.0	8.0
05	11.0	6.0	81.0	1.0
06	9.0	0.0	91.0	0.0
07	1.0	0.0	98.0	1.0
08	99.0	0.0	0.0	1.0
09	0.0	0.0	0.0	99.0
10	1.0	0.0	0.0	99.0
11	97.0	0.0	0.0	2.0
12	80.0	0.0	2.0	17.0
13	38.0	18.0	8.0	36.0
14	7.0	8.0	3.0	81.0
15	18.0	31.0	18.0	33.0
16	27.0	19.0	12.0	41.0
17	29.0	38.0	14.0	19.0
XX
//
AC PH0125.1
XX
ID Obox5_2
XX
DE PH0125.1 Obox5_2 ; From JASPAR 2018
PO	A	C	G	T
01	17.0	22.0	34.0	28.0
02	50.0	9.0	14.0	27.0
03	17.0	25.0	18.0	40.0
04	78.0	3.0	10.0	8.0
05	44.0	7.0	19.0	31.0
06	20.0	2.0	1.0	77.0
07	2.0	0.0	0.0	97.0
08	99.0	0.0	0.0	1.0
09	99.0	0.0	0.0	0.0
10	1.0	0.0	1.0	98.0
11	1.0	98.0	0.0	0.0
12	0.0	87.0	1.0	12.0
13	4.0	66.0	9.0	20.0
14	8.0	22.0	11.0	59.0
15	17.0	35.0	21.0	27.0
16	20.0	33.0	3.0	43.0
17	19.0	23.0	20.0	39.0
XX
//
AC PH0126.1
XX
ID Obox6
XX
DE PH0126.1 Obox6 ; From JASPAR 2018
PO	A	C	G	T
01	51.0	24.0	11.0	14.0
02	30.0	21.0	20.0	29.0
03	69.0	4.0	14.0	13.0
04	68.0	9.0	4.0	19.0
05	35.0	12.0	35.0	19.0
06	14.0	61.0	19.0	6.0
07	4.0	0.0	96.0	0.0
08	0.0	0.0	98.0	1.0
09	97.0	3.0	0.0	0.0
10	0.0	0.0	0.0	99.0
11	1.0	1.0	0.0	98.0
12	97.0	0.0	0.0	3.0
13	44.0	2.0	8.0	46.0
14	25.0	34.0	5.0	35.0
15	12.0	23.0	46.0	19.0
XX
//
AC PH0127.1
XX
ID Nobox
XX
DE PH0127.1 Nobox ; From JASPAR 2018
PO	A	C	G	T
01	17.0	50.0	20.0	13.0
02	13.0	18.0	54.0	16.0
03	23.0	28.0	25.0	23.0
04	31.0	23.0	36.0	10.0
05	2.0	58.0	3.0	38.0
06	2.0	33.0	0.0	65.0
07	92.0	1.0	7.0	1.0
08	96.0	0.0	1.0	3.0
09	3.0	1.0	0.0	96.0
10	1.0	7.0	1.0	92.0
11	65.0	0.0	33.0	2.0
12	38.0	3.0	58.0	2.0
13	14.0	16.0	39.0	30.0
14	30.0	19.0	16.0	35.0
15	44.0	16.0	16.0	24.0
16	23.0	29.0	17.0	31.0
17	15.0	41.0	25.0	19.0
XX
//
AC PH0128.1
XX
ID Otp
XX
DE PH0128.1 Otp ; From JASPAR 2018
PO	A	C	G	T
01	23.0	38.0	21.0	18.0
02	31.0	20.0	34.0	16.0
03	15.0	36.0	12.0	38.0
04	41.0	18.0	18.0	23.0
05	47.0	10.0	39.0	4.0
06	1.0	12.0	0.0	88.0
07	1.0	4.0	0.0	96.0
08	98.0	1.0	1.0	0.0
09	98.0	0.0	1.0	0.0
10	0.0	1.0	0.0	98.0
11	0.0	1.0	1.0	98.0
12	96.0	0.0	4.0	1.0
13	88.0	0.0	12.0	1.0
14	6.0	42.0	9.0	43.0
15	23.0	10.0	28.0	38.0
16	22.0	18.0	35.0	25.0
17	12.0	12.0	60.0	15.0
XX
//
AC PH0129.1
XX
ID Otx1
XX
DE PH0129.1 Otx1 ; From JASPAR 2018
PO	A	C	G	T
01	30.0	15.0	30.0	25.0
02	19.0	10.0	49.0	22.0
03	37.0	11.0	16.0	36.0
04	43.0	5.0	47.0	5.0
05	18.0	20.0	61.0	2.0
06	8.0	0.0	92.0	0.0
07	1.0	0.0	99.0	1.0
08	95.0	4.0	0.0	0.0
09	0.0	0.0	0.0	99.0
10	1.0	0.0	0.0	98.0
11	94.0	0.0	0.0	6.0
12	69.0	3.0	14.0	14.0
13	12.0	13.0	10.0	66.0
14	29.0	13.0	9.0	49.0
15	24.0	24.0	20.0	32.0
16	32.0	22.0	16.0	30.0
17	19.0	26.0	24.0	31.0
XX
//
AC PH0130.1
XX
ID Otx2
XX
DE PH0130.1 Otx2 ; From JASPAR 2018
PO	A	C	G	T
01	23.0	21.0	27.0	29.0
02	29.0	7.0	38.0	26.0
03	29.0	15.0	22.0	34.0
04	48.0	15.0	31.0	5.0
05	20.0	11.0	67.0	1.0
06	8.0	1.0	91.0	0.0
07	1.0	0.0	97.0	1.0
08	95.0	5.0	0.0	1.0
09	1.0	0.0	0.0	99.0
10	1.0	0.0	0.0	98.0
11	92.0	0.0	0.0	7.0
12	75.0	2.0	12.0	11.0
13	11.0	15.0	12.0	62.0
14	20.0	34.0	8.0	38.0
15	30.0	13.0	32.0	26.0
16	19.0	17.0	21.0	43.0
17	21.0	45.0	14.0	21.0
XX
//
AC PH0131.1
XX
ID Pax4
XX
DE PH0131.1 Pax4 ; From JASPAR 2018
PO	A	C	G	T
01	42.0	8.0	7.0	43.0
02	23.0	31.0	33.0	13.0
03	40.0	18.0	24.0	17.0
04	37.0	14.0	19.0	30.0
05	2.0	60.0	2.0	37.0
06	3.0	1.0	4.0	92.0
07	98.0	0.0	1.0	1.0
08	99.0	0.0	1.0	0.0
09	0.0	1.0	0.0	99.0
10	1.0	1.0	0.0	98.0
11	92.0	4.0	1.0	3.0
12	37.0	2.0	60.0	2.0
13	11.0	52.0	8.0	29.0
14	14.0	37.0	23.0	26.0
15	18.0	44.0	32.0	6.0
16	34.0	10.0	31.0	25.0
17	28.0	35.0	18.0	19.0
XX
//
AC PH0132.1
XX
ID Pax6
XX
DE PH0132.1 Pax6 ; From JASPAR 2018
PO	A	C	G	T
01	6.0	15.0	11.0	68.0
02	26.0	13.0	43.0	18.0
03	62.0	21.0	10.0	7.0
04	8.0	40.0	4.0	47.0
05	12.0	7.0	1.0	80.0
06	94.0	2.0	2.0	1.0
07	96.0	1.0	0.0	2.0
08	2.0	0.0	1.0	96.0
09	1.0	2.0	2.0	94.0
10	80.0	1.0	7.0	12.0
11	52.0	5.0	28.0	16.0
12	7.0	10.0	21.0	62.0
13	7.0	8.0	28.0	56.0
14	26.0	28.0	31.0	16.0
15	39.0	19.0	20.0	22.0
16	23.0	41.0	17.0	19.0
XX
//
AC PH0133.1
XX
ID Pax7
XX
DE PH0133.1 Pax7 ; From JASPAR 2018
PO	A	C	G	T
01	32.0	36.0	14.0	18.0
02	20.0	23.0	40.0	17.0
03	41.0	21.0	8.0	29.0
04	29.0	29.0	21.0	21.0
05	11.0	44.0	2.0	43.0
06	6.0	20.0	1.0	72.0
07	91.0	1.0	8.0	0.0
08	95.0	0.0	2.0	3.0
09	3.0	2.0	0.0	95.0
10	0.0	8.0	1.0	91.0
11	72.0	1.0	20.0	6.0
12	43.0	2.0	44.0	11.0
13	12.0	20.0	29.0	39.0
14	40.0	21.0	13.0	25.0
15	31.0	33.0	21.0	15.0
16	26.0	15.0	27.0	33.0
17	37.0	19.0	23.0	21.0
XX
//
AC PH0134.1
XX
ID Pbx1
XX
DE PH0134.1 Pbx1 ; From JASPAR 2018
PO	A	C	G	T
01	21.0	28.0	15.0	36.0
02	6.0	49.0	15.0	29.0
03	59.0	3.0	14.0	23.0
04	12.0	40.0	9.0	39.0
05	37.0	39.0	11.0	13.0
06	11.0	73.0	9.0	7.0
07	86.0	2.0	7.0	5.0
08	3.0	1.0	1.0	95.0
09	3.0	95.0	1.0	1.0
10	93.0	3.0	2.0	2.0
11	74.0	6.0	3.0	17.0
12	31.0	5.0	6.0	58.0
13	32.0	32.0	15.0	21.0
14	39.0	14.0	9.0	38.0
15	36.0	14.0	15.0	36.0
16	26.0	29.0	24.0	21.0
17	37.0	35.0	21.0	7.0
XX
//
AC PH0135.1
XX
ID Phox2a
XX
DE PH0135.1 Phox2a ; From JASPAR 2018
PO	A	C	G	T
01	17.0	32.0	23.0	28.0
02	30.0	22.0	28.0	21.0
03	21.0	24.0	30.0	25.0
04	30.0	38.0	8.0	23.0
05	68.0	12.0	15.0	5.0
06	3.0	35.0	2.0	60.0
07	0.0	11.0	0.0	88.0
08	97.0	1.0	1.0	1.0
09	99.0	0.0	1.0	0.0
10	1.0	0.0	0.0	99.0
11	0.0	0.0	2.0	97.0
12	88.0	1.0	10.0	1.0
13	29.0	4.0	60.0	8.0
14	5.0	25.0	21.0	49.0
15	33.0	18.0	33.0	16.0
16	26.0	28.0	39.0	8.0
XX
//
AC PH0136.1
XX
ID Phox2b
XX
DE PH0136.1 Phox2b ; From JASPAR 2018
PO	A	C	G	T
01	27.0	38.0	28.0	7.0
02	31.0	20.0	36.0	13.0
03	17.0	22.0	31.0	30.0
04	60.0	15.0	9.0	15.0
05	58.0	20.0	20.0	2.0
06	5.0	15.0	1.0	78.0
07	2.0	4.0	0.0	94.0
08	97.0	1.0	2.0	0.0
09	98.0	0.0	1.0	1.0
10	1.0	1.0	0.0	98.0
11	0.0	2.0	1.0	97.0
12	94.0	0.0	4.0	2.0
13	78.0	1.0	15.0	5.0
14	6.0	32.0	23.0	39.0
15	38.0	9.0	29.0	24.0
16	21.0	28.0	30.0	22.0
17	16.0	17.0	50.0	16.0
XX
//
AC PH0137.1
XX
ID Pitx1
XX
DE PH0137.1 Pitx1 ; From JASPAR 2018
PO	A	C	G	T
01	21.0	25.0	17.0	38.0
02	12.0	17.0	35.0	36.0
03	44.0	19.0	29.0	8.0
04	28.0	15.0	42.0	15.0
05	45.0	5.0	39.0	11.0
06	19.0	4.0	73.0	3.0
07	4.0	0.0	95.0	0.0
08	1.0	0.0	99.0	1.0
09	96.0	4.0	0.0	0.0
10	0.0	0.0	0.0	99.0
11	1.0	1.0	0.0	99.0
12	91.0	0.0	0.0	8.0
13	72.0	2.0	20.0	6.0
14	33.0	49.0	6.0	12.0
15	46.0	7.0	24.0	23.0
16	48.0	21.0	14.0	17.0
17	26.0	25.0	20.0	29.0
XX
//
AC PH0138.1
XX
ID Pitx2
XX
DE PH0138.1 Pitx2 ; From JASPAR 2018
PO	A	C	G	T
01	24.0	23.0	26.0	27.0
02	24.0	8.0	41.0	27.0
03	39.0	13.0	22.0	26.0
04	46.0	17.0	27.0	10.0
05	29.0	10.0	56.0	5.0
06	11.0	0.0	89.0	0.0
07	1.0	0.0	98.0	1.0
08	95.0	5.0	0.0	0.0
09	0.0	1.0	0.0	99.0
10	1.0	1.0	0.0	98.0
11	90.0	0.0	0.0	10.0
12	70.0	4.0	19.0	7.0
13	9.0	16.0	9.0	65.0
14	26.0	32.0	11.0	31.0
15	38.0	13.0	25.0	24.0
16	28.0	17.0	21.0	34.0
17	19.0	43.0	10.0	28.0
XX
//
AC PH0139.1
XX
ID Pitx3
XX
DE PH0139.1 Pitx3 ; From JASPAR 2018
PO	A	C	G	T
01	38.0	23.0	32.0	7.0
02	19.0	13.0	54.0	13.0
03	7.0	23.0	65.0	6.0
04	17.0	3.0	76.0	4.0
05	2.0	0.0	98.0	0.0
06	0.0	0.0	99.0	0.0
07	96.0	4.0	0.0	0.0
08	0.0	1.0	0.0	99.0
09	1.0	1.0	0.0	99.0
10	98.0	0.0	0.0	2.0
11	18.0	4.0	54.0	24.0
12	5.0	77.0	12.0	6.0
13	16.0	16.0	22.0	46.0
14	34.0	14.0	36.0	16.0
15	15.0	34.0	33.0	17.0
16	13.0	55.0	20.0	13.0
XX
//
AC PH0140.1
XX
ID Pknox1
XX
DE PH0140.1 Pknox1 ; From JASPAR 2018
PO	A	C	G	T
01	44.0	9.0	17.0	31.0
02	43.0	6.0	36.0	14.0
03	32.0	28.0	21.0	18.0
04	5.0	29.0	52.0	14.0
05	92.0	1.0	4.0	2.0
06	4.0	58.0	34.0	4.0
07	2.0	97.0	1.0	0.0
08	0.0	3.0	0.0	97.0
09	1.0	0.0	99.0	0.0
10	2.0	1.0	0.0	97.0
11	0.0	99.0	0.0	1.0
12	99.0	0.0	0.0	0.0
13	68.0	8.0	4.0	21.0
14	33.0	11.0	7.0	49.0
15	29.0	42.0	19.0	11.0
16	20.0	47.0	17.0	15.0
XX
//
AC PH0141.1
XX
ID Pknox2
XX
DE PH0141.1 Pknox2 ; From JASPAR 2018
PO	A	C	G	T
01	43.0	20.0	16.0	21.0
02	60.0	10.0	17.0	13.0
03	26.0	20.0	42.0	12.0
04	3.0	44.0	35.0	18.0
05	61.0	3.0	35.0	1.0
06	3.0	55.0	41.0	1.0
07	2.0	97.0	0.0	1.0
08	0.0	4.0	0.0	96.0
09	0.0	0.0	99.0	0.0
10	1.0	1.0	0.0	98.0
11	0.0	99.0	0.0	1.0
12	98.0	0.0	2.0	0.0
13	59.0	20.0	5.0	16.0
14	21.0	16.0	5.0	58.0
15	30.0	26.0	18.0	26.0
16	16.0	27.0	22.0	36.0
XX
//
AC PH0142.1
XX
ID Pou1f1
XX
DE PH0142.1 Pou1f1 ; From JASPAR 2018
PO	A	C	G	T
01	30.0	14.0	33.0	24.0
02	39.0	24.0	26.0	12.0
03	27.0	19.0	20.0	34.0
04	9.0	5.0	21.0	65.0
05	80.0	10.0	2.0	8.0
06	89.0	4.0	2.0	5.0
07	6.0	1.0	1.0	92.0
08	3.0	2.0	2.0	93.0
09	93.0	2.0	2.0	3.0
10	92.0	1.0	1.0	6.0
11	5.0	2.0	4.0	89.0
12	8.0	2.0	10.0	80.0
13	79.0	9.0	2.0	10.0
14	43.0	11.0	21.0	25.0
15	24.0	19.0	33.0	24.0
16	22.0	14.0	20.0	44.0
17	15.0	48.0	18.0	18.0
XX
//
AC PH0143.1
XX
ID Pou2f1
XX
DE PH0143.1 Pou2f1 ; From JASPAR 2018
PO	A	C	G	T
01	31.0	14.0	28.0	27.0
02	17.0	21.0	13.0	50.0
03	31.0	12.0	31.0	26.0
04	30.0	24.0	9.0	37.0
05	45.0	10.0	31.0	14.0
06	32.0	24.0	2.0	42.0
07	4.0	1.0	0.0	95.0
08	89.0	9.0	1.0	1.0
09	98.0	0.0	0.0	2.0
10	1.0	0.0	0.0	98.0
11	2.0	2.0	10.0	86.0
12	93.0	1.0	0.0	6.0
13	49.0	5.0	32.0	15.0
14	11.0	17.0	44.0	29.0
15	21.0	18.0	7.0	54.0
16	51.0	5.0	12.0	32.0
XX
//
AC PH0144.1
XX
ID Pou2f2
XX
DE PH0144.1 Pou2f2 ; From JASPAR 2018
PO	A	C	G	T
01	14.0	27.0	21.0	38.0
02	27.0	20.0	17.0	35.0
03	23.0	15.0	35.0	27.0
04	13.0	10.0	3.0	75.0
05	99.0	0.0	0.0	1.0
06	0.0	2.0	0.0	97.0
07	1.0	0.0	92.0	7.0
08	0.0	89.0	1.0	10.0
09	74.0	0.0	0.0	25.0
10	89.0	0.0	1.0	9.0
11	98.0	0.0	0.0	1.0
12	3.0	1.0	2.0	94.0
13	20.0	12.0	27.0	41.0
14	50.0	20.0	11.0	20.0
15	35.0	13.0	37.0	15.0
16	41.0	24.0	22.0	14.0
XX
//
AC PH0145.1
XX
ID Pou2f3
XX
DE PH0145.1 Pou2f3 ; From JASPAR 2018
PO	A	C	G	T
01	16.0	20.0	20.0	44.0
02	24.0	22.0	15.0	39.0
03	19.0	13.0	40.0	28.0
04	9.0	12.0	4.0	75.0
05	99.0	0.0	0.0	1.0
06	0.0	1.0	0.0	98.0
07	0.0	0.0	94.0	6.0
08	0.0	91.0	0.0	8.0
09	74.0	0.0	0.0	26.0
10	91.0	0.0	1.0	8.0
11	99.0	0.0	0.0	1.0
12	2.0	0.0	2.0	96.0
13	15.0	16.0	29.0	40.0
14	46.0	24.0	11.0	19.0
15	29.0	16.0	35.0	19.0
16	41.0	24.0	18.0	16.0
XX
//
AC PH0146.1
XX
ID Pou3f1
XX
DE PH0146.1 Pou3f1 ; From JASPAR 2018
PO	A	C	G	T
01	38.0	13.0	29.0	19.0
02	35.0	26.0	25.0	15.0
03	20.0	27.0	21.0	31.0
04	10.0	5.0	17.0	68.0
05	82.0	13.0	2.0	4.0
06	91.0	3.0	2.0	3.0
07	5.0	1.0	1.0	93.0
08	3.0	1.0	2.0	94.0
09	94.0	2.0	1.0	3.0
10	93.0	1.0	1.0	5.0
11	3.0	2.0	3.0	91.0
12	4.0	2.0	13.0	82.0
13	81.0	11.0	1.0	8.0
14	66.0	10.0	16.0	8.0
15	12.0	20.0	33.0	35.0
16	20.0	12.0	14.0	54.0
17	27.0	28.0	22.0	23.0
XX
//
AC PH0147.1
XX
ID Pou3f2
XX
DE PH0147.1 Pou3f2 ; From JASPAR 2018
PO	A	C	G	T
01	15.0	26.0	45.0	14.0
02	29.0	19.0	23.0	29.0
03	23.0	11.0	22.0	44.0
04	69.0	7.0	11.0	13.0
05	62.0	14.0	10.0	14.0
06	7.0	24.0	0.0	68.0
07	1.0	3.0	1.0	95.0
08	97.0	1.0	0.0	1.0
09	98.0	0.0	0.0	1.0
10	1.0	0.0	0.0	98.0
11	1.0	1.0	5.0	94.0
12	96.0	2.0	1.0	2.0
13	36.0	2.0	53.0	9.0
14	9.0	16.0	27.0	48.0
15	25.0	14.0	28.0	34.0
16	24.0	26.0	21.0	30.0
17	28.0	15.0	36.0	22.0
XX
//
AC PH0148.1
XX
ID Pou3f3
XX
DE PH0148.1 Pou3f3 ; From JASPAR 2018
PO	A	C	G	T
01	40.0	18.0	13.0	28.0
02	64.0	10.0	9.0	18.0
03	31.0	16.0	31.0	23.0
04	34.0	10.0	27.0	29.0
05	9.0	10.0	3.0	77.0
06	80.0	8.0	3.0	10.0
07	1.0	5.0	0.0	94.0
08	2.0	0.0	95.0	3.0
09	9.0	91.0	0.0	1.0
10	98.0	0.0	1.0	0.0
11	3.0	1.0	1.0	95.0
12	89.0	1.0	1.0	8.0
13	67.0	6.0	1.0	26.0
14	17.0	9.0	23.0	50.0
15	34.0	13.0	27.0	25.0
16	37.0	12.0	24.0	27.0
17	60.0	7.0	10.0	24.0
XX
//
AC PH0149.1
XX
ID Pou3f4
XX
DE PH0149.1 Pou3f4 ; From JASPAR 2018
PO	A	C	G	T
01	33.0	13.0	29.0	24.0
02	33.0	27.0	24.0	16.0
03	21.0	20.0	18.0	41.0
04	12.0	7.0	22.0	59.0
05	84.0	8.0	2.0	6.0
06	92.0	3.0	2.0	3.0
07	6.0	1.0	1.0	92.0
08	3.0	1.0	2.0	95.0
09	95.0	2.0	1.0	3.0
10	92.0	1.0	1.0	6.0
11	3.0	2.0	3.0	92.0
12	6.0	2.0	8.0	84.0
13	82.0	7.0	1.0	9.0
14	48.0	16.0	20.0	17.0
15	25.0	18.0	26.0	31.0
16	21.0	13.0	17.0	49.0
17	16.0	48.0	16.0	20.0
XX
//
AC PH0150.1
XX
ID Pou4f3
XX
DE PH0150.1 Pou4f3 ; From JASPAR 2018
PO	A	C	G	T
01	38.0	20.0	16.0	26.0
02	29.0	23.0	35.0	13.0
03	18.0	7.0	19.0	55.0
04	25.0	22.0	1.0	52.0
05	93.0	1.0	1.0	5.0
06	1.0	2.0	0.0	97.0
07	2.0	0.0	0.0	98.0
08	97.0	0.0	0.0	3.0
09	99.0	0.0	0.0	1.0
10	1.0	1.0	0.0	98.0
11	6.0	1.0	56.0	37.0
12	94.0	3.0	1.0	2.0
13	31.0	12.0	35.0	22.0
14	8.0	11.0	50.0	32.0
15	22.0	27.0	6.0	45.0
16	19.0	55.0	6.0	21.0
XX
//
AC PH0151.1
XX
ID Pou6f1_1
XX
DE PH0151.1 Pou6f1_1 ; From JASPAR 2018
PO	A	C	G	T
01	28.0	28.0	34.0	10.0
02	43.0	24.0	8.0	25.0
03	28.0	30.0	22.0	21.0
04	19.0	27.0	46.0	9.0
05	50.0	7.0	2.0	42.0
06	1.0	0.0	0.0	98.0
07	98.0	0.0	0.0	1.0
08	99.0	0.0	0.0	1.0
09	0.0	0.0	0.0	99.0
10	1.0	0.0	70.0	29.0
11	99.0	0.0	0.0	0.0
12	1.0	1.0	96.0	3.0
13	8.0	40.0	40.0	12.0
14	21.0	13.0	3.0	64.0
15	17.0	15.0	30.0	38.0
16	24.0	17.0	38.0	21.0
17	30.0	32.0	16.0	23.0
XX
//
AC PH0152.1
XX
ID Pou6f1_2
XX
DE PH0152.1 Pou6f1_2 ; From JASPAR 2018
PO	A	C	G	T
01	38.0	21.0	30.0	11.0
02	35.0	31.0	8.0	27.0
03	36.0	23.0	17.0	25.0
04	23.0	35.0	31.0	11.0
05	76.0	5.0	2.0	18.0
06	1.0	0.0	0.0	98.0
07	98.0	0.0	0.0	1.0
08	99.0	0.0	0.0	0.0
09	0.0	0.0	0.0	99.0
10	1.0	0.0	80.0	19.0
11	99.0	0.0	0.0	0.0
12	0.0	0.0	97.0	3.0
13	9.0	29.0	53.0	8.0
14	16.0	14.0	3.0	66.0
15	16.0	12.0	28.0	44.0
16	15.0	15.0	41.0	28.0
17	24.0	45.0	14.0	18.0
XX
//
AC PH0153.1
XX
ID Prop1
XX
DE PH0153.1 Prop1 ; From JASPAR 2018
PO	A	C	G	T
01	24.0	38.0	21.0	16.0
02	21.0	19.0	47.0	13.0
03	36.0	25.0	22.0	17.0
04	47.0	18.0	25.0	10.0
05	2.0	16.0	1.0	82.0
06	1.0	3.0	0.0	95.0
07	98.0	1.0	1.0	1.0
08	98.0	0.0	1.0	1.0
09	1.0	1.0	0.0	98.0
10	1.0	1.0	1.0	98.0
11	95.0	0.0	3.0	1.0
12	82.0	1.0	16.0	2.0
13	16.0	16.0	35.0	33.0
14	45.0	11.0	18.0	26.0
15	31.0	18.0	25.0	26.0
16	35.0	18.0	24.0	23.0
17	14.0	53.0	10.0	23.0
XX
//
AC PH0154.1
XX
ID Prrx1
XX
DE PH0154.1 Prrx1 ; From JASPAR 2018
PO	A	C	G	T
01	25.0	27.0	31.0	16.0
02	14.0	15.0	27.0	44.0
03	55.0	22.0	10.0	13.0
04	64.0	10.0	20.0	6.0
05	3.0	63.0	3.0	30.0
06	1.0	8.0	0.0	90.0
07	98.0	1.0	1.0	0.0
08	99.0	0.0	1.0	0.0
09	0.0	1.0	0.0	99.0
10	0.0	1.0	0.0	98.0
11	95.0	0.0	4.0	2.0
12	49.0	5.0	43.0	3.0
13	3.0	48.0	16.0	33.0
14	9.0	6.0	11.0	74.0
15	40.0	17.0	25.0	19.0
16	20.0	39.0	25.0	16.0
17	5.0	18.0	17.0	60.0
XX
//
AC PH0155.1
XX
ID Prrx2
XX
DE PH0155.1 Prrx2 ; From JASPAR 2018
PO	A	C	G	T
01	58.0	4.0	12.0	26.0
02	32.0	26.0	25.0	17.0
03	41.0	28.0	11.0	20.0
04	28.0	9.0	56.0	8.0
05	2.0	70.0	1.0	26.0
06	0.0	12.0	0.0	88.0
07	99.0	0.0	1.0	0.0
08	99.0	0.0	1.0	1.0
09	1.0	1.0	0.0	99.0
10	0.0	1.0	0.0	99.0
11	88.0	0.0	12.0	0.0
12	26.0	1.0	70.0	2.0
13	3.0	54.0	4.0	40.0
14	18.0	17.0	41.0	23.0
15	44.0	15.0	26.0	16.0
16	42.0	15.0	18.0	25.0
17	30.0	20.0	26.0	24.0
XX
//
AC PH0156.1
XX
ID Rax
XX
DE PH0156.1 Rax ; From JASPAR 2018
PO	A	C	G	T
01	41.0	6.0	9.0	44.0
02	16.0	28.0	51.0	5.0
03	15.0	53.0	16.0	16.0
04	47.0	18.0	21.0	15.0
05	2.0	53.0	3.0	42.0
06	1.0	25.0	0.0	74.0
07	98.0	1.0	1.0	0.0
08	98.0	0.0	1.0	0.0
09	0.0	1.0	0.0	98.0
10	0.0	1.0	1.0	98.0
11	74.0	0.0	25.0	1.0
12	42.0	3.0	53.0	2.0
13	6.0	55.0	6.0	33.0
14	7.0	29.0	41.0	23.0
15	17.0	43.0	35.0	4.0
16	36.0	34.0	23.0	7.0
17	21.0	32.0	16.0	30.0
XX
//
AC PH0157.1
XX
ID Rhox11_1
XX
DE PH0157.1 Rhox11_1 ; From JASPAR 2018
PO	A	C	G	T
01	54.0	13.0	15.0	18.0
02	33.0	28.0	23.0	17.0
03	17.0	11.0	38.0	33.0
04	30.0	28.0	23.0	19.0
05	13.0	56.0	6.0	25.0
06	3.0	1.0	95.0	1.0
07	9.0	76.0	15.0	0.0
08	1.0	0.0	1.0	99.0
09	4.0	0.0	94.0	2.0
10	1.0	1.0	0.0	99.0
11	56.0	0.0	0.0	43.0
12	78.0	4.0	3.0	15.0
13	52.0	10.0	1.0	36.0
14	31.0	11.0	33.0	24.0
15	24.0	36.0	28.0	12.0
16	31.0	16.0	43.0	10.0
17	41.0	13.0	10.0	35.0
XX
//
AC PH0158.1
XX
ID Rhox11_2
XX
DE PH0158.1 Rhox11_2 ; From JASPAR 2018
PO	A	C	G	T
01	50.0	14.0	14.0	22.0
02	28.0	24.0	30.0	17.0
03	18.0	10.0	38.0	33.0
04	33.0	27.0	19.0	21.0
05	14.0	56.0	7.0	23.0
06	4.0	1.0	93.0	2.0
07	9.0	78.0	13.0	0.0
08	1.0	0.0	1.0	98.0
09	3.0	0.0	95.0	2.0
10	1.0	1.0	0.0	98.0
11	60.0	1.0	0.0	39.0
12	80.0	3.0	3.0	14.0
13	53.0	10.0	2.0	35.0
14	24.0	13.0	40.0	23.0
15	21.0	29.0	35.0	15.0
16	28.0	19.0	44.0	9.0
17	42.0	15.0	9.0	33.0
XX
//
AC PH0159.1
XX
ID Rhox6
XX
DE PH0159.1 Rhox6 ; From JASPAR 2018
PO	A	C	G	T
01	36.0	5.0	5.0	54.0
02	31.0	21.0	40.0	8.0
03	24.0	43.0	15.0	19.0
04	28.0	39.0	18.0	15.0
05	8.0	36.0	4.0	52.0
06	3.0	3.0	1.0	93.0
07	86.0	5.0	1.0	7.0
08	93.0	3.0	3.0	0.0
09	0.0	3.0	3.0	93.0
10	7.0	1.0	5.0	86.0
11	93.0	1.0	3.0	3.0
12	52.0	4.0	36.0	8.0
13	7.0	22.0	12.0	59.0
14	8.0	23.0	42.0	27.0
15	10.0	40.0	39.0	10.0
16	25.0	24.0	24.0	27.0
17	21.0	34.0	14.0	30.0
XX
//
AC PH0160.1
XX
ID Shox2
XX
DE PH0160.1 Shox2 ; From JASPAR 2018
PO	A	C	G	T
01	20.0	42.0	23.0	14.0
02	19.0	16.0	33.0	32.0
03	32.0	35.0	16.0	17.0
04	25.0	27.0	29.0	20.0
05	2.0	42.0	2.0	54.0
06	2.0	6.0	0.0	92.0
07	97.0	1.0	2.0	0.0
08	98.0	0.0	1.0	1.0
09	1.0	1.0	0.0	98.0
10	0.0	2.0	1.0	97.0
11	92.0	0.0	6.0	2.0
12	54.0	2.0	42.0	2.0
13	20.0	15.0	25.0	41.0
14	12.0	26.0	20.0	42.0
15	31.0	21.0	36.0	12.0
16	25.0	17.0	27.0	31.0
17	12.0	31.0	33.0	23.0
XX
//
AC PH0161.1
XX
ID Six1
XX
DE PH0161.1 Six1 ; From JASPAR 2018
PO	A	C	G	T
01	32.0	13.0	40.0	15.0
02	48.0	21.0	9.0	22.0
03	21.0	9.0	21.0	49.0
04	39.0	14.0	40.0	7.0
05	22.0	5.0	69.0	5.0
06	4.0	5.0	87.0	4.0
07	20.0	1.0	79.0	0.0
08	0.0	0.0	5.0	94.0
09	96.0	0.0	3.0	0.0
10	0.0	0.0	0.0	99.0
11	1.0	97.0	0.0	1.0
12	91.0	2.0	4.0	3.0
13	18.0	27.0	12.0	43.0
14	23.0	16.0	30.0	31.0
15	33.0	16.0	12.0	39.0
16	16.0	27.0	28.0	29.0
17	18.0	7.0	23.0	53.0
XX
//
AC PH0162.1
XX
ID Six2
XX
DE PH0162.1 Six2 ; From JASPAR 2018
PO	A	C	G	T
01	45.0	10.0	29.0	16.0
02	59.0	12.0	9.0	21.0
03	19.0	4.0	26.0	51.0
04	30.0	11.0	52.0	7.0
05	12.0	4.0	80.0	4.0
06	1.0	3.0	92.0	4.0
07	13.0	0.0	87.0	0.0
08	0.0	0.0	5.0	95.0
09	96.0	0.0	4.0	0.0
10	0.0	0.0	0.0	99.0
11	1.0	98.0	0.0	1.0
12	90.0	2.0	5.0	2.0
13	17.0	51.0	8.0	25.0
14	25.0	17.0	29.0	29.0
15	34.0	8.0	6.0	52.0
16	23.0	27.0	22.0	28.0
17	17.0	8.0	22.0	52.0
XX
//
AC PH0163.1
XX
ID Six3
XX
DE PH0163.1 Six3 ; From JASPAR 2018
PO	A	C	G	T
01	33.0	9.0	36.0	21.0
02	72.0	8.0	8.0	12.0
03	23.0	5.0	17.0	55.0
04	47.0	10.0	32.0	10.0
05	7.0	7.0	82.0	4.0
06	2.0	2.0	90.0	7.0
07	16.0	1.0	83.0	0.0
08	0.0	0.0	4.0	95.0
09	97.0	0.0	3.0	0.0
10	0.0	0.0	0.0	99.0
11	1.0	97.0	0.0	1.0
12	92.0	3.0	3.0	2.0
13	19.0	45.0	9.0	27.0
14	25.0	23.0	20.0	32.0
15	40.0	8.0	11.0	40.0
16	34.0	22.0	18.0	27.0
17	8.0	11.0	24.0	58.0
XX
//
AC PH0164.1
XX
ID Six4
XX
DE PH0164.1 Six4 ; From JASPAR 2018
PO	A	C	G	T
01	52.0	17.0	14.0	17.0
02	19.0	18.0	25.0	39.0
03	41.0	12.0	31.0	16.0
04	35.0	29.0	13.0	23.0
05	61.0	12.0	10.0	17.0
06	2.0	3.0	2.0	94.0
07	1.0	0.0	96.0	2.0
08	99.0	1.0	0.0	0.0
09	1.0	81.0	1.0	17.0
10	97.0	3.0	0.0	0.0
11	1.0	99.0	0.0	0.0
12	0.0	97.0	1.0	2.0
13	21.0	23.0	21.0	35.0
14	34.0	30.0	10.0	26.0
15	13.0	29.0	25.0	34.0
16	17.0	30.0	25.0	28.0
17	41.0	21.0	30.0	8.0
XX
//
AC PH0165.1
XX
ID Six6_1
XX
DE PH0165.1 Six6_1 ; From JASPAR 2018
PO	A	C	G	T
01	33.0	12.0	28.0	27.0
02	61.0	10.0	7.0	22.0
03	18.0	5.0	13.0	64.0
04	43.0	17.0	32.0	7.0
05	13.0	4.0	81.0	2.0
06	2.0	3.0	91.0	3.0
07	14.0	1.0	85.0	0.0
08	0.0	0.0	5.0	95.0
09	97.0	0.0	3.0	0.0
10	0.0	0.0	0.0	99.0
11	1.0	98.0	0.0	1.0
12	95.0	1.0	2.0	3.0
13	37.0	31.0	6.0	26.0
14	27.0	21.0	22.0	31.0
15	29.0	13.0	9.0	48.0
16	35.0	20.0	18.0	27.0
17	9.0	11.0	19.0	60.0
XX
//
AC PH0166.1
XX
ID Six6_2
XX
DE PH0166.1 Six6_2 ; From JASPAR 2018
PO	A	C	G	T
01	36.0	10.0	35.0	20.0
02	42.0	11.0	16.0	32.0
03	28.0	11.0	18.0	43.0
04	46.0	14.0	30.0	10.0
05	19.0	4.0	73.0	5.0
06	4.0	2.0	89.0	4.0
07	20.0	2.0	78.0	0.0
08	1.0	0.0	3.0	97.0
09	97.0	0.0	2.0	1.0
10	0.0	0.0	0.0	99.0
11	2.0	96.0	1.0	2.0
12	93.0	2.0	1.0	4.0
13	41.0	14.0	10.0	35.0
14	22.0	24.0	21.0	34.0
15	41.0	13.0	8.0	37.0
16	21.0	27.0	11.0	41.0
17	9.0	16.0	22.0	53.0
XX
//
AC PH0167.1
XX
ID Tcf1
XX
DE PH0167.1 Tcf1 ; From JASPAR 2018
PO	A	C	G	T
01	16.0	35.0	14.0	34.0
02	10.0	49.0	26.0	15.0
03	4.0	19.0	35.0	42.0
04	20.0	24.0	21.0	35.0
05	36.0	15.0	36.0	13.0
06	8.0	10.0	74.0	9.0
07	9.0	11.0	1.0	80.0
08	2.0	1.0	0.0	97.0
09	97.0	0.0	0.0	2.0
10	97.0	0.0	1.0	2.0
11	2.0	90.0	6.0	2.0
12	5.0	24.0	3.0	67.0
13	54.0	4.0	23.0	19.0
14	67.0	14.0	11.0	9.0
15	45.0	16.0	17.0	22.0
16	44.0	16.0	23.0	17.0
17	11.0	24.0	29.0	36.0
XX
//
AC PH0168.1
XX
ID Hnf1b
XX
DE PH0168.1 Hnf1b ; From JASPAR 2018
PO	A	C	G	T
01	31.0	14.0	26.0	28.0
02	16.0	18.0	37.0	29.0
03	14.0	40.0	14.0	32.0
04	17.0	19.0	29.0	34.0
05	6.0	5.0	84.0	5.0
06	6.0	3.0	2.0	89.0
07	1.0	1.0	0.0	98.0
08	96.0	0.0	0.0	3.0
09	98.0	1.0	0.0	1.0
10	1.0	95.0	1.0	3.0
11	1.0	15.0	2.0	82.0
12	90.0	1.0	3.0	6.0
13	28.0	13.0	56.0	3.0
14	16.0	36.0	21.0	26.0
15	22.0	34.0	12.0	32.0
16	5.0	32.0	38.0	25.0
17	15.0	16.0	15.0	53.0
XX
//
AC PH0169.1
XX
ID Tgif1
XX
DE PH0169.1 Tgif1 ; From JASPAR 2018
PO	A	C	G	T
01	27.0	16.0	28.0	28.0
02	55.0	12.0	17.0	16.0
03	11.0	21.0	28.0	40.0
04	56.0	5.0	5.0	33.0
05	34.0	7.0	11.0	48.0
06	1.0	0.0	0.0	99.0
07	0.0	0.0	99.0	0.0
08	96.0	0.0	0.0	4.0
09	0.0	99.0	0.0	0.0
10	98.0	0.0	2.0	0.0
11	2.0	0.0	97.0	1.0
12	4.0	73.0	20.0	4.0
13	6.0	10.0	13.0	70.0
14	20.0	26.0	41.0	13.0
15	22.0	35.0	27.0	15.0
16	9.0	21.0	40.0	31.0
17	32.0	14.0	20.0	34.0
XX
//
AC PH0170.1
XX
ID Tgif2
XX
DE PH0170.1 Tgif2 ; From JASPAR 2018
PO	A	C	G	T
01	52.0	14.0	11.0	23.0
02	61.0	8.0	14.0	17.0
03	19.0	33.0	25.0	24.0
04	11.0	30.0	22.0	37.0
05	91.0	1.0	5.0	3.0
06	7.0	16.0	69.0	8.0
07	2.0	97.0	0.0	1.0
08	0.0	2.0	0.0	98.0
09	1.0	0.0	99.0	0.0
10	2.0	0.0	0.0	97.0
11	0.0	99.0	0.0	0.0
12	99.0	0.0	0.0	1.0
13	78.0	6.0	4.0	13.0
14	38.0	9.0	9.0	44.0
15	46.0	29.0	15.0	10.0
16	22.0	44.0	22.0	12.0
XX
//
AC PH0171.1
XX
ID Nkx2-1
XX
DE PH0171.1 Nkx2-1 ; From JASPAR 2018
PO	A	C	G	T
01	14.0	32.0	15.0	39.0
02	40.0	23.0	23.0	13.0
03	68.0	4.0	18.0	10.0
04	14.0	20.0	47.0	19.0
05	7.0	83.0	9.0	1.0
06	0.0	88.0	0.0	12.0
07	90.0	2.0	0.0	8.0
08	2.0	98.0	0.0	0.0
09	0.0	0.0	0.0	99.0
10	1.0	16.0	0.0	83.0
11	19.0	12.0	67.0	2.0
12	88.0	0.0	1.0	10.0
13	45.0	33.0	18.0	3.0
14	34.0	32.0	7.0	27.0
15	21.0	12.0	5.0	62.0
16	17.0	15.0	5.0	63.0
XX
//
AC PH0172.1
XX
ID Tlx2
XX
DE PH0172.1 Tlx2 ; From JASPAR 2018
PO	A	C	G	T
01	11.0	20.0	28.0	42.0
02	61.0	8.0	5.0	27.0
03	62.0	7.0	22.0	9.0
04	21.0	10.0	14.0	55.0
05	21.0	31.0	6.0	42.0
06	75.0	6.0	6.0	12.0
07	79.0	3.0	4.0	14.0
08	4.0	4.0	2.0	91.0
09	4.0	4.0	1.0	91.0
10	92.0	1.0	5.0	2.0
11	81.0	3.0	3.0	13.0
12	17.0	6.0	4.0	73.0
13	63.0	5.0	8.0	24.0
14	55.0	9.0	22.0	13.0
15	18.0	39.0	9.0	33.0
16	29.0	10.0	10.0	51.0
17	40.0	6.0	14.0	40.0
XX
//
AC PH0173.1
XX
ID Uncx
XX
DE PH0173.1 Uncx ; From JASPAR 2018
PO	A	C	G	T
01	30.0	31.0	27.0	11.0
02	35.0	21.0	23.0	21.0
03	23.0	17.0	13.0	47.0
04	48.0	16.0	20.0	16.0
05	63.0	17.0	11.0	9.0
06	1.0	15.0	1.0	83.0
07	1.0	6.0	0.0	93.0
08	98.0	1.0	1.0	0.0
09	98.0	0.0	1.0	1.0
10	1.0	1.0	0.0	98.0
11	0.0	1.0	1.0	98.0
12	93.0	0.0	6.0	1.0
13	83.0	1.0	15.0	1.0
14	15.0	36.0	22.0	27.0
15	18.0	18.0	47.0	17.0
16	17.0	37.0	31.0	16.0
17	13.0	15.0	56.0	17.0
XX
//
AC PH0174.1
XX
ID Vax1
XX
DE PH0174.1 Vax1 ; From JASPAR 2018
PO	A	C	G	T
01	50.0	24.0	18.0	8.0
02	19.0	34.0	33.0	13.0
03	22.0	13.0	53.0	12.0
04	16.0	15.0	15.0	54.0
05	1.0	12.0	0.0	87.0
06	89.0	10.0	0.0	1.0
07	96.0	1.0	0.0	2.0
08	2.0	0.0	1.0	96.0
09	1.0	0.0	10.0	89.0
10	87.0	0.0	12.0	1.0
11	35.0	25.0	34.0	6.0
12	12.0	53.0	13.0	22.0
13	19.0	37.0	9.0	35.0
14	23.0	40.0	12.0	26.0
15	65.0	8.0	13.0	15.0
16	20.0	10.0	51.0	19.0
XX
//
AC PH0175.1
XX
ID Vax2
XX
DE PH0175.1 Vax2 ; From JASPAR 2018
PO	A	C	G	T
01	16.0	24.0	31.0	30.0
02	32.0	16.0	19.0	33.0
03	26.0	26.0	27.0	21.0
04	17.0	43.0	21.0	18.0
05	53.0	13.0	26.0	8.0
06	6.0	56.0	12.0	25.0
07	1.0	11.0	0.0	88.0
08	88.0	11.0	0.0	0.0
09	98.0	0.0	0.0	1.0
10	1.0	0.0	0.0	99.0
11	0.0	0.0	2.0	98.0
12	93.0	0.0	3.0	3.0
13	50.0	19.0	25.0	6.0
14	8.0	23.0	41.0	28.0
15	34.0	21.0	31.0	13.0
16	17.0	58.0	17.0	9.0
XX
//
AC PH0176.1
XX
ID Vsx1
XX
DE PH0176.1 Vsx1 ; From JASPAR 2018
PO	A	C	G	T
01	23.0	53.0	11.0	14.0
02	15.0	33.0	38.0	13.0
03	50.0	23.0	9.0	18.0
04	37.0	6.0	49.0	8.0
05	6.0	29.0	1.0	63.0
06	1.0	10.0	0.0	90.0
07	98.0	1.0	0.0	0.0
08	98.0	0.0	1.0	1.0
09	1.0	1.0	0.0	98.0
10	0.0	0.0	1.0	98.0
11	90.0	0.0	10.0	1.0
12	63.0	1.0	29.0	6.0
13	14.0	28.0	12.0	46.0
14	33.0	19.0	26.0	23.0
15	56.0	24.0	14.0	7.0
16	24.0	23.0	18.0	36.0
17	15.0	19.0	17.0	49.0
XX
//
