>POL001.1	MTE
A  [     1      1      1      0      2      9      4      0      0      2      9      4      0      0      0      4      2      1      1 ]
C  [     2      3      2      9      0      0      0      9      4      3      0      0      9      0      2      0      4      3      3 ]
G  [     2      0      1      0      7      0      5      0      5      4      0      4      0      9      7      0      0      5      2 ]
T  [     4      5      5      0      0      0      0      0      0      0      0      1      0      0      0      5      3      0      3 ]
>POL002.1	INR
A  [    49      0    288     26     77     67     45     50 ]
C  [    48    303      0     81     95    118     85     96 ]
G  [    69      0      0    116      0     46     73     56 ]
T  [   137      0     15     80    131     72    100    101 ]
>POL003.1	GC-box
A  [   102     97     50     67      0      2     54     46      1     79     23      0     20     40 ]
C  [    40     31      6      1      0      0    170      1      3      0     17    166     86     24 ]
G  [    50    112    154    206    274    272      0    224    222    171    192     35     52    109 ]
T  [    82     34     64      0      0      0     50      3     48     24     42     73    116    101 ]
>POL004.1	CCAAT-box
A  [    56     32     25    102     51      0      0    175    119     17     23    116 ]
C  [    55     52     47      1      6    173    174      0      8      0     90      6 ]
G  [    12     43     24     70     99      1      0      0     21     15     59     52 ]
T  [    52     48     79      2     19      1      1      0     27    143      3      1 ]
>POL005.1	DPE
A  [    24     36     41      2     43      7     16     15     19 ]
C  [    18     21      3     30      2     30     31     21     22 ]
G  [    30      6     28     47      1      4     35     11     17 ]
T  [    10     19     10      3     36     41      0     35     24 ]
>POL006.1	BREu
A  [    12      3      1      6      4      0      0      1 ]
C  [     7      8     14      4     15      0     20     18 ]
G  [     2     11      7     12      2     22      1      1 ]
T  [     1      0      0      0      1      0      1      2 ]
>POL007.1	BREd
A  [    10      5     10      3      4      2      6 ]
C  [     4      8      6      6      8      6      9 ]
G  [    19      8     11     15     15     13     10 ]
T  [     8     20     14     17     14     20     16 ]
>POL008.1	DCE_S_I
A  [    18      4      3      4      2     22 ]
C  [    19     93     12     12     93     34 ]
G  [    46      6      8     20      7     27 ]
T  [    25      5     85     72      6     25 ]
>POL009.1	DCE_S_II
A  [    16      3      6      2     14     16 ]
C  [    34    100      5     11     21     28 ]
G  [    43      3     13     90     13     45 ]
T  [    15      2     84      5     60     19 ]
>POL010.1	DCE_S_III
A  [    17    108      0      0     20 ]
C  [    43      0      0    108     36 ]
G  [    35      0    108      0     29 ]
T  [    13      0      0      0     23 ]
>POL011.1	XCPE1
A  [     0      0      0      0      0      0      3     21      0      2 ]
C  [     0      6      0     19      0      0      0      0     14     19 ]
G  [    21     15     21      0     21     21     18      0      7      0 ]
T  [     0      0      0      2      0      0      0      0      0      0 ]
>POL012.1	TATA-Box
A  [    61     16    352      3    354    268    360    222    155     56     83     82     82     68     77 ]
C  [   145     46      0     10      0      0      3      2     44    135    147    127    118    107    101 ]
G  [   152     18      2      2      5      0     10     44    157    150    128    128    128    139    140 ]
T  [    31    309     35    374     30    121      6    121     33     48     31     52     61     75     71 ]
>POL013.1	MED-1
A  [     0      0      0      0      0      0 ]
C  [     0     14      0     14     14      5 ]
G  [    14      0      0      0      0      9 ]
T  [     0      0     14      0      0      0 ]
