>PF0001.1	RCGCANGCGY
A  [   844      0      0      0   5624    437      0      0      0      0 ]
C  [     0   5624      0   5624      0   1067      0   5624      0   4888 ]
G  [  4780      0   5624      0      0   2399   5624      0   5624      0 ]
T  [     0      0      0      0      0   1721      0      0      0    736 ]
>PF0002.1	CACGTG
A  [     0   5224      0      0      0      0 ]
C  [  5224      0   5224      0      0      0 ]
G  [     0      0      0   5224      0   5224 ]
T  [     0      0      0      0   5224      0 ]
>PF0003.1	SCGGAAGY
A  [     0      0      0      0   6548   6548      0      0 ]
C  [  4724   6548      0      0      0      0      0   2269 ]
G  [  1824      0   6548   6548      0      0   6548      0 ]
T  [     0      0      0      0      0      0      0   4279 ]
>PF0004.1	ACTAYRNNNCCCR
A  [  2440      0      0   2440      0   2188   1357    316     94      0      0      0   1974 ]
C  [     0   2440      0      0   2416      0    230    763    141   2440   2440   2440      0 ]
G  [     0      0      0      0      0    252    169    309     70      0      0      0    466 ]
T  [     0      0   2440      0     24      0    684   1052   2135      0      0      0      0 ]
>PF0005.1	GATTGGY
A  [     0   6636      0      0      0      0      0 ]
C  [     0      0      0      0      0      0   4656 ]
G  [  6636      0      0      0   6636   6636      0 ]
T  [     0      0   6636   6636      0      0   1980 ]
>PF0006.1	GGGCGGR
A  [     0      0      0      0      0      0   4149 ]
C  [     0      0      0  18548      0      0      0 ]
G  [ 18548  18548  18548      0  18548  18548  14399 ]
T  [     0      0      0      0      0      0      0 ]
>PF0007.1	TGANTCA
A  [     0      0   3620    561      0      0   3620 ]
C  [     0      0      0   1156      0   3620      0 ]
G  [     0   3620      0   1344      0      0      0 ]
T  [  3620      0      0    559   3620      0      0 ]
>PF0008.1	TMTCGCGANR
A  [     0    145      0      0      0      0      0   1592     30   1365 ]
C  [     0   1447      0   1592      0   1592      0      0     77      0 ]
G  [     0      0      0      0   1592      0   1592      0   1302    227 ]
T  [  1592      0   1592      0      0      0      0      0    183      0 ]
>PF0009.1	TGAYRTCA
A  [     0      0   2440      0    544      0      0   2440 ]
C  [     0      0      0   1794      0      0   2440      0 ]
G  [     0   2440      0      0   1896      0      0      0 ]
T  [  2440      0      0    646      0   2440      0      0 ]
>PF0010.1	GCCATNTTG
A  [     0      0      0   2088      0    155      0      0      0 ]
C  [     0   2088   2088      0      0    861      0      0      0 ]
G  [  2088      0      0      0      0    309      0      0   2088 ]
T  [     0      0      0      0   2088    763   2088   2088      0 ]
>PF0011.1	MGGAAGTG
A  [  1451      0      0   3732   3732      0      0      0 ]
C  [  2281      0      0      0      0      0      0      0 ]
G  [     0   3732   3732      0      0   3732      0   3732 ]
T  [     0      0      0      0      0      0   3732      0 ]
>PF0012.1	CAGGTG
A  [     0  12312      0      0      0      0 ]
C  [ 12312      0      0      0      0      0 ]
G  [     0      0  12312  12312      0  12312 ]
T  [     0      0      0      0  12312      0 ]
>PF0013.1	CTTTGT
A  [     0      0      0      0      0      0 ]
C  [  9424      0      0      0      0      0 ]
G  [     0      0      0      0   9424      0 ]
T  [     0   9424   9424   9424      0   9424 ]
>PF0014.1	TGACGTCA
A  [     0      0   1100      0      0      0      0   1100 ]
C  [     0      0      0   1100      0      0   1100      0 ]
G  [     0   1100      0      0   1100      0      0      0 ]
T  [  1100      0      0      0      0   1100      0      0 ]
>PF0015.1	CAGCTG
A  [     0   6436      0      0      0      0 ]
C  [  6436      0      0   6436      0      0 ]
G  [     0      0   6436      0      0   6436 ]
T  [     0      0      0      0   6436      0 ]
>PF0016.1	RYTTCCTG
A  [  2493      0      0      0      0      0      0      0 ]
C  [     0   2704      0      0   4512   4512      0      0 ]
G  [  2019      0      0      0      0      0      0   4512 ]
T  [     0   1808   4512   4512      0      0   4512      0 ]
>PF0017.1	AACTTT
A  [  8768   8768      0      0      0      0 ]
C  [     0      0   8768      0      0      0 ]
G  [     0      0      0      0      0      0 ]
T  [     0      0      0   8768   8768   8768 ]
>PF0018.1	TCANNTGAY
A  [     0      0   2740    173    520      0      0   2740      0 ]
C  [     0   2740      0   1452    662      0      0      0   1985 ]
G  [     0      0      0    687   1458      0   2740      0      0 ]
T  [  2740      0      0    428    100   2740      0      0    755 ]
>PF0019.1	GKCGCNNNNNNNTGAYG
A  [     0      0      0      0      0     44     14     74     39     33     92    170      0      0    316      0      0 ]
C  [     0      0    316      0    316     66    111     84    111     90     14     32      0      0      0    294      0 ]
G  [   316    201      0    316      0    169    129    129    112     78    154    101      0    316      0      0    316 ]
T  [     0    115      0      0      0     37     62     29     54    115     56     13    316      0      0     22      0 ]
>PF0020.1	GTGACGY
A  [     0      0      0   3432      0      0      0 ]
C  [     0      0      0      0   3432      0   1434 ]
G  [  3432      0   3432      0      0   3432      0 ]
T  [     0   3432      0      0      0      0   1998 ]
>PF0021.1	GGAANCGGAANY
A  [     0      0    516    516     67      0      0      0    516    516    110      0 ]
C  [     0      0      0      0    185    516      0      0      0      0     47    228 ]
G  [   516    516      0      0    264      0    516    516      0      0    350      0 ]
T  [     0      0      0      0      0      0      0      0      0      0      9    288 ]
>PF0022.1	TGCGCANK
A  [     0      0      0      0      0   3576    316      0 ]
C  [     0      0   3576      0   3576      0    865      0 ]
G  [     0   3576      0   3576      0      0   1531   2449 ]
T  [  3576      0      0      0      0      0    864   1127 ]
>PF0023.1	TAATTA
A  [     0   2256   2256      0      0   2256 ]
C  [     0      0      0      0      0      0 ]
G  [     0      0      0      0      0      0 ]
T  [  2256      0      0   2256   2256      0 ]
>PF0024.1	GGGAGGRR
A  [     0      0      0  11176      0      0   3724   2525 ]
C  [     0      0      0      0      0      0      0      0 ]
G  [ 11176  11176  11176      0  11176  11176   7452   8651 ]
T  [     0      0      0      0      0      0      0      0 ]
>PF0025.1	TGACCTY
A  [     0      0   3728      0      0      0      0 ]
C  [     0      0      0   3728   3728      0   1530 ]
G  [     0   3728      0      0      0      0      0 ]
T  [  3728      0      0      0      0   3728   2198 ]
>PF0026.1	TTAYRTAA
A  [     0      0    680      0    375      0    680    680 ]
C  [     0      0      0    286      0      0      0      0 ]
G  [     0      0      0      0    305      0      0      0 ]
T  [   680    680      0    394      0    680      0      0 ]
>PF0027.1	TGGNNNNNNKCCAR
A  [     0      0      0    437    351    387    298    381    441      0      0      0   1640    469 ]
C  [     0      0      0    679    465    451    526    419    330      0   1640   1640      0      0 ]
G  [     0   1640   1640    353    388    455    547    488    498    971      0      0      0   1171 ]
T  [  1640      0      0    171    436    347    269    352    371    669      0      0      0      0 ]
>PF0028.1	CTAWWWATA
A  [     0      0   1356    605    896    881   1356      0   1356 ]
C  [  1356      0      0      0      0      0      0      0      0 ]
G  [     0      0      0      0      0      0      0      0      0 ]
T  [     0   1356      0    751    460    475      0   1356      0 ]
>PF0029.1	CTTTAAR
A  [     0      0      0      0   3588   3588   1993 ]
C  [  3588      0      0      0      0      0      0 ]
G  [     0      0      0      0      0      0   1595 ]
T  [     0   3588   3588   3588      0      0      0 ]
>PF0030.1	YGCGYRCGC
A  [     0      0      0      0      0    619      0      0      0 ]
C  [  1385      0   2132      0   1435      0   2132      0   2132 ]
G  [     0   2132      0   2132      0   1513      0   2132      0 ]
T  [   747      0      0      0    697      0      0      0      0 ]
>PF0031.1	GGGYGTGNY
A  [     0      0      0      0      0      0      0    320      0 ]
C  [     0      0      0   1564      0      0      0    326   2021 ]
G  [  2812   2812   2812      0   2812      0   2812   1648      0 ]
T  [     0      0      0   1248      0   2812      0    518    791 ]
>PF0032.1	TGASTMAGC
A  [     0      0    596      0      0     68    596      0      0 ]
C  [     0      0      0    415      0    528      0      0    596 ]
G  [     0    596      0    181      0      0      0    596      0 ]
T  [   596      0      0      0    596      0      0      0      0 ]
>PF0033.1	YTATTTTNR
A  [     0      0   2108      0      0      0      0    490   1335 ]
C  [   874      0      0      0      0      0      0    162      0 ]
G  [     0      0      0      0      0      0      0    469    773 ]
T  [  1234   2108      0   2108   2108   2108   2108    987      0 ]
>PF0034.1	CYTAGCAAY
A  [     0      0      0    608      0      0    608    608      0 ]
C  [   608    357      0      0      0    608      0      0    588 ]
G  [     0      0      0      0    608      0      0      0      0 ]
T  [     0    251    608      0      0      0      0      0     20 ]
>PF0035.1	GCANCTGNY
A  [     0      0   3756    233      0      0      0    360      0 ]
C  [     0   3756      0   1350   3756      0      0   1617   1976 ]
G  [  3756      0      0   1723      0      0   3756    811      0 ]
T  [     0      0      0    450      0   3756      0    968   1780 ]
>PF0036.1	RTAAACA
A  [  1339      0   2920   2920   2920      0   2920 ]
C  [     0      0      0      0      0   2920      0 ]
G  [  1581      0      0      0      0      0      0 ]
T  [     0   2920      0      0      0      0      0 ]
>PF0037.1	GTTRYCATRR
A  [     0      0      0    145      0      0    652      0    168    113 ]
C  [     0      0      0      0    558    652      0      0      0      0 ]
G  [   652      0      0    507      0      0      0      0    484    539 ]
T  [     0    652    652      0     94      0      0    652      0      0 ]
>PF0038.1	TGACCTTG
A  [     0      0    764      0      0      0      0      0 ]
C  [     0      0      0    764    764      0      0      0 ]
G  [     0    764      0      0      0      0      0    764 ]
T  [   764      0      0      0      0    764    764      0 ]
>PF0039.1	TCCCRNNRTGC
A  [     0      0      0      0    662    125    234    727      0      0      0 ]
C  [     0   1024   1024   1024      0    137    515      0      0      0   1024 ]
G  [     0      0      0      0    362    598    231    297      0   1024      0 ]
T  [  1024      0      0      0      0    164     44      0   1024      0      0 ]
>PF0040.1	TTCYNRGAA
A  [     0      0      0      0    249    480      0   1048   1048 ]
C  [     0      0   1048    659    246      0      0      0      0 ]
G  [     0      0      0      0    247    568   1048      0      0 ]
T  [  1048   1048      0    389    306      0      0      0      0 ]
>PF0041.1	TGACAGNY
A  [     0      0   3392      0   3392      0    420      0 ]
C  [     0      0      0   3392      0      0   1408   1569 ]
G  [     0   3392      0      0      0   3392   1072      0 ]
T  [  3392      0      0      0      0      0    492   1823 ]
>PF0042.1	TGACATY
A  [     0      0   2500      0   2500      0      0 ]
C  [     0      0      0   2500      0      0   1416 ]
G  [     0   2500      0      0      0      0      0 ]
T  [  2500      0      0      0      0   2500   1084 ]
>PF0043.1	GTTGNYNNRGNAAC
A  [     0      0      0      0      4      0    225     78    122      0    125    420    420      0 ]
C  [     0      0      0      0    313    333     76     47      0      0    124      0      0    420 ]
G  [   420      0      0    420     10      0     67     98    298    420     53      0      0      0 ]
T  [     0    420    420      0     93     87     52    197      0      0    118      0      0      0 ]
>PF0044.1	YATGNWAAT
A  [     0   1212      0      0     57    889   1212   1212      0 ]
C  [   384      0      0      0    807      0      0      0      0 ]
G  [     0      0      0   1212    134      0      0      0      0 ]
T  [   828      0   1212      0    214    323      0      0   1212 ]
>PF0045.1	CCANNAGRKGGC
A  [     0      0    284      8     44    284      0    144      0      0      0      0 ]
C  [   284    284      0    139    153      0      0      0      0      0      0    284 ]
G  [     0      0      0    126     30      0    284    140    160    284    284      0 ]
T  [     0      0      0     11     57      0      0      0    124      0      0      0 ]
>PF0046.1	WTTGKCTG
A  [  1624      0      0      0      0      0      0      0 ]
C  [     0      0      0      0      0   2172      0      0 ]
G  [     0      0      0   2172   1643      0      0   2172 ]
T  [   548   2172   2172      0    529      0   2172      0 ]
>PF0047.1	TGCCAAR
A  [     0      0      0      0   2132   2132   1062 ]
C  [     0      0   2132   2132      0      0      0 ]
G  [     0   2132      0      0      0      0   1070 ]
T  [  2132      0      0      0      0      0      0 ]
>PF0048.1	GCGNNANTTCC
A  [     0      0      0     52     43    620     14      0      0      0      0 ]
C  [     0    620      0    155    340      0    406      0      0    620    620 ]
G  [   620      0    620    241    213      0     86      0      0      0      0 ]
T  [     0      0      0    172     24      0    114    620    620      0      0 ]
>PF0049.1	CATTGTYY
A  [     0   1404      0      0      0      0      0      0 ]
C  [  1404      0      0      0      0      0    579    709 ]
G  [     0      0      0      0   1404      0      0      0 ]
T  [     0      0   1404   1404      0   1404    825    695 ]
>PF0050.1	RGAGGAARY
A  [   983      0   1888      0      0   1888   1888    544      0 ]
C  [     0      0      0      0      0      0      0      0    839 ]
G  [   905   1888      0   1888   1888      0      0   1344      0 ]
T  [     0      0      0      0      0      0      0      0   1049 ]
>PF0051.1	TATAAA
A  [     0   4688      0   4688   4688   4688 ]
C  [     0      0      0      0      0      0 ]
G  [     0      0      0      0      0      0 ]
T  [  4688      0   4688      0      0      0 ]
>PF0052.1	YYCATTCAWW
A  [     0      0      0    616      0      0      0    616    127    254 ]
C  [   307    269    616      0      0      0    616      0      0      0 ]
G  [     0      0      0      0      0      0      0      0      0      0 ]
T  [   309    347      0      0    616    616      0      0    489    362 ]
>PF0053.1	RYTGCNNRGNAAC
A  [    53      0      0      0      0     41    171    198      0     86    464    464      0 ]
C  [     0     73      0      0    464    206     54      0      0    266      0      0    464 ]
G  [   411      0      0    464      0      9     98    266    464     40      0      0      0 ]
T  [     0    391    464      0      0    208    141      0      0     72      0      0      0 ]
>PF0054.1	TAAWWATAG
A  [     0    508    508    436    336    508      0    508      0 ]
C  [     0      0      0      0      0      0      0      0      0 ]
G  [     0      0      0      0      0      0      0      0    508 ]
T  [   508      0      0     72    172      0    508      0      0 ]
>PF0055.1	TGGAAA
A  [     0      0      0   6612   6612   6612 ]
C  [     0      0      0      0      0      0 ]
G  [     0   6612   6612      0      0      0 ]
T  [  6612      0      0      0      0      0 ]
>PF0056.1	GGGTGGRR
A  [     0      0      0      0      0      0   1339   1183 ]
C  [     0      0      0      0      0      0      0      0 ]
G  [  5364   5364   5364      0   5364   5364   4025   4181 ]
T  [     0      0      0   5364      0      0      0      0 ]
>PF0057.1	ACCTGTTG
A  [   480      0      0      0      0      0      0      0 ]
C  [     0    480    480      0      0      0      0      0 ]
G  [     0      0      0      0    480      0      0    480 ]
T  [     0      0      0    480      0    480    480      0 ]
>PF0058.1	YCATTAA
A  [     0      0   1588      0      0   1588   1588 ]
C  [   732   1588      0      0      0      0      0 ]
G  [     0      0      0      0      0      0      0 ]
T  [   856      0      0   1588   1588      0      0 ]
>PF0059.1	WCTCNATGGY
A  [    42      0      0      0      4    328      0      0      0      0 ]
C  [     0    328      0    328    128      0      0      0      0    124 ]
G  [     0      0      0      0     34      0      0    328    328      0 ]
T  [   286      0    328      0    162      0    328      0      0    204 ]
>PF0060.1	TTGTTT
A  [     0      0      0      0      0      0 ]
C  [     0      0      0      0      0      0 ]
G  [     0      0   7452      0      0      0 ]
T  [  7452   7452      0   7452   7452   7452 ]
>PF0061.1	YTAATTAA
A  [     0      0    552    552      0      0    552    552 ]
C  [   205      0      0      0      0      0      0      0 ]
G  [     0      0      0      0      0      0      0      0 ]
T  [   347    552      0      0    552    552      0      0 ]
>PF0062.1	SMTTTTGT
A  [     0    552      0      0      0      0      0      0 ]
C  [   886    908      0      0      0      0      0      0 ]
G  [   574      0      0      0      0      0   1460      0 ]
T  [     0      0   1460   1460   1460   1460      0   1460 ]
>PF0063.1	AAGWWRNYGGC
A  [   536    536      0    444     95     76     44      0      0      0      0 ]
C  [     0      0      0      0      0      0     37    369      0      0    536 ]
G  [     0      0    536      0      0    460    416      0    536    536      0 ]
T  [     0      0      0     92    441      0     39    167      0      0      0 ]
>PF0064.1	TTANTCA
A  [     0      0   2924    815      0      0   2924 ]
C  [     0      0      0    581      0   2924      0 ]
G  [     0      0      0    665      0      0      0 ]
T  [  2924   2924      0    863   2924      0      0 ]
>PF0065.1	ARGGGTTAA
A  [   348    192      0      0      0      0      0    348    348 ]
C  [     0      0      0      0      0      0      0      0      0 ]
G  [     0    156    348    348    348      0      0      0      0 ]
T  [     0      0      0      0      0    348    348      0      0 ]
>PF0066.1	RACTNNRTTTNC
A  [   193    488      0      0    261     36    409      0      0      0     31      0 ]
C  [     0      0    488      0    128    382      0      0      0      0    400    488 ]
G  [   295      0      0      0     42     28     79      0      0      0     17      0 ]
T  [     0      0      0    488     57     42      0    488    488    488     40      0 ]
>PF0067.1	TGANNYRGCA
A  [     0      0    864    105    162      0    571      0      0    864 ]
C  [     0      0      0    368    125    558      0      0    864      0 ]
G  [     0    864      0    228    206      0    293    864      0      0 ]
T  [   864      0      0    163    371    306      0      0      0      0 ]
>PF0068.1	RGAANNTTC
A  [  1145      0   2472   2472    811    479      0      0      0 ]
C  [     0      0      0      0    570    672      0      0   2472 ]
G  [  1327   2472      0      0    642    645      0      0      0 ]
T  [     0      0      0      0    449    676   2472   2472      0 ]
>PF0069.1	SGCGSSAAA
A  [     0      0      0      0      0      0    852    852    852 ]
C  [   219      0    852      0    296    229      0      0      0 ]
G  [   633    852      0    852    556    623      0      0      0 ]
T  [     0      0      0      0      0      0      0      0      0 ]
>PF0070.1	CGTSACG
A  [     0      0      0      0    700      0      0 ]
C  [   700      0      0    320      0    700      0 ]
G  [     0    700      0    380      0      0    700 ]
T  [     0      0    700      0      0      0      0 ]
>PF0071.1	SYATTGTG
A  [     0      0   1008      0      0      0      0      0 ]
C  [   603    678      0      0      0      0      0      0 ]
G  [   405      0      0      0      0   1008      0   1008 ]
T  [     0    330      0   1008   1008      0   1008      0 ]
>PF0072.1	TTCYRGAA
A  [     0      0      0      0    541      0   1044   1044 ]
C  [     0      0   1044    458      0      0      0      0 ]
G  [     0      0      0      0    503   1044      0      0 ]
T  [  1044   1044      0    586      0      0      0      0 ]
>PF0073.1	CTTTGA
A  [     0      0      0      0      0   4260 ]
C  [  4260      0      0      0      0      0 ]
G  [     0      0      0      0   4260      0 ]
T  [     0   4260   4260   4260      0      0 ]
>PF0074.1	GGAMTNNNNNTCCY
A  [     0      0    548     94      0    272     17    329    181     38      0      0      0      0 ]
C  [     0      0      0    454      0    171    437     37     52    165      0    548    548    518 ]
G  [   548    548      0      0      0     47     41    135     86     66      0      0      0      0 ]
T  [     0      0      0      0    548     58     53     47    229    279    548      0      0     30 ]
>PF0075.1	TNCATNTCCYR
A  [     0    322      0    692      0     13      0      0      0      0    451 ]
C  [     0    133    692      0      0    132      0    692    692    553      0 ]
G  [     0     96      0      0      0     18      0      0      0      0    241 ]
T  [   692    141      0      0    692    529    692      0      0    139      0 ]
>PF0076.1	CAGGTA
A  [     0   2472      0      0      0   2472 ]
C  [  2472      0      0      0      0      0 ]
G  [     0      0   2472   2472      0      0 ]
T  [     0      0      0      0   2472      0 ]
>PF0077.1	AAAYRNCTG
A  [  1036   1036   1036      0    620    198      0      0      0 ]
C  [     0      0      0    495      0    185   1036      0      0 ]
G  [     0      0      0      0    416    402      0      0   1036 ]
T  [     0      0      0    541      0    251      0   1036      0 ]
>PF0078.1	GCTNWTTGK
A  [     0      0      0    111    680      0      0      0      0 ]
C  [     0   1104      0    330      0      0      0      0      0 ]
G  [  1104      0      0    589      0      0      0   1104    710 ]
T  [     0      0   1104     74    424   1104   1104      0    394 ]
>PF0079.1	WGGAATGY
A  [   666      0      0   1148   1148      0      0      0 ]
C  [     0      0      0      0      0      0      0    489 ]
G  [     0   1148   1148      0      0      0   1148      0 ]
T  [   482      0      0      0      0   1148      0    659 ]
>PF0080.1	SNACANNNYSYAGA
A  [     0      1    388      0    388    200     50     26      0      0      0    388      0    388 ]
C  [   359     49      0    388      0     46    129     49    328    371    384      0      0      0 ]
G  [    29     24      0      0      0     44     47     14      0     17      0      0    388      0 ]
T  [     0    314      0      0      0     98    162    299     60      0      4      0      0      0 ]
>PF0081.1	CGGAARNGGCNG
A  [     0      0      0    296    296     92    113      0      0      0     49      0 ]
C  [   296      0      0      0      0      0     40      0      0    296     36      0 ]
G  [     0    296    296      0      0    204     91    296    296      0    181    296 ]
T  [     0      0      0      0      0      0     52      0      0      0     30      0 ]
>PF0082.1	CTGYNNCTYTAA
A  [     0      0      0      0     71     22      0      0      0      0    364    364 ]
C  [   364      0      0    162    181    174    364      0     12      0      0      0 ]
G  [     0      0    364      0     62     53      0      0      0      0      0      0 ]
T  [     0    364      0    202     50    115      0    364    352    364      0      0 ]
>PF0083.1	TGTTTGY
A  [     0      0      0      0      0      0      0 ]
C  [     0      0      0      0      0      0   1142 ]
G  [     0   2448      0      0      0   2448      0 ]
T  [  2448      0   2448   2448   2448      0   1306 ]
>PF0084.1	RGTTAMWNATT
A  [   117      0      0      0    212    121     88     36    212      0      0 ]
C  [     0      0      0      0      0     91      0     59      0      0      0 ]
G  [    95    212      0      0      0      0      0     62      0      0      0 ]
T  [     0      0    212    212      0      0    124     55      0    212    212 ]
>PF0085.1	STTTCRNTTT
A  [     0      0      0      0      0    400     63      0      0      0 ]
C  [   395      0      0      0    632      0    228      0      0      0 ]
G  [   237      0      0      0      0    232    179      0      0      0 ]
T  [     0    632    632    632      0      0    162    632    632    632 ]
>PF0086.1	GGGNNTTTCC
A  [     0      0      0    136    129      0      0      0      0      0 ]
C  [     0      0      0     82    100      0      0      0    396    396 ]
G  [   396    396    396    125     76      0      0      0      0      0 ]
T  [     0      0      0     53     91    396    396    396      0      0 ]
>PF0087.1	RYTGCNWTGGNR
A  [    76      0      0      0      0     44    402      0      0      0     99    233 ]
C  [     0    149      0      0    460    300      0      0      0      0    234      0 ]
G  [   384      0      0    460      0     17      0      0    460    460     61    227 ]
T  [     0    311    460      0      0     99     58    460      0      0     66      0 ]
>PF0088.1	GGCNKCCATNK
A  [     0      0      0    133      0      0      0    492      0     23      0 ]
C  [     0      0    492    174      0    492    492      0      0    178      0 ]
G  [   492    492      0    135    416      0      0      0      0    135    117 ]
T  [     0      0      0     50     76      0      0      0    492    156    375 ]
>PF0089.1	GTTNYYNNGGTNA
A  [     0      0      0     78      0      0    190    100      0      0      0    163    364 ]
C  [     0      0      0     30    287    226     78     38      0      0      0     30      0 ]
G  [   364      0      0    188      0      0     51     58    364    364      0     96      0 ]
T  [     0    364    364     68     77    138     45    168      0      0    364     75      0 ]
>PF0090.1	YAATNRNNNYNATT
A  [     0    324    324      0     64    204    138    107     93      0     98    324      0      0 ]
C  [   128      0      0      0     29      0     50     50     35    115     98      0      0      0 ]
G  [     0      0      0      0    101    120     56     70     77      0     42      0      0      0 ]
T  [   196      0      0    324    130      0     80     97    119    209     86      0    324    324 ]
>PF0091.1	GTGGGTGK
A  [     0      0      0      0      0      0      0      0 ]
C  [     0      0      0      0      0      0      0      0 ]
G  [   944      0    944    944    944      0    944    619 ]
T  [     0    944      0      0      0    944      0    325 ]
>PF0092.1	TGCTGAY
A  [     0      0      0      0      0   1684      0 ]
C  [     0      0   1684      0      0      0    998 ]
G  [     0   1684      0      0   1684      0      0 ]
T  [  1684      0      0   1684      0      0    686 ]
>PF0093.1	GGATTA
A  [     0      0   1992      0      0   1992 ]
C  [     0      0      0      0      0      0 ]
G  [  1992   1992      0      0      0      0 ]
T  [     0      0      0   1992   1992      0 ]
>PF0094.1	TGATTTRY
A  [     0      0    940      0      0      0    481      0 ]
C  [     0      0      0      0      0      0      0    321 ]
G  [     0    940      0      0      0      0    459      0 ]
T  [   940      0      0    940    940    940      0    619 ]
>PF0095.1	GCCNNNWTAAR
A  [     0      0      0     77     79     45    144      0    460    460    219 ]
C  [     0    460    460    204    240    101      0      0      0      0      0 ]
G  [   460      0      0     99     31     28      0      0      0      0    241 ]
T  [     0      0      0     80    110    286    316    460      0      0      0 ]
>PF0096.1	YGCANTGCR
A  [     0      0      0    528     62      0      0      0    277 ]
C  [   287      0    528      0    135      0      0    528      0 ]
G  [     0    528      0      0    174      0    528      0    251 ]
T  [   241      0      0      0    157    528      0      0      0 ]
>PF0097.1	YATTNATC
A  [     0    992      0      0    178    992      0      0 ]
C  [   459      0      0      0    259      0      0    992 ]
G  [     0      0      0      0    195      0      0      0 ]
T  [   533      0    992    992    360      0    992      0 ]
>PF0098.1	GTCNYYATGR
A  [     0      0      0     85      0      0    484      0      0     87 ]
C  [     0      0    484     28    433    361      0      0      0      0 ]
G  [   484      0      0    126      0      0      0      0    484    397 ]
T  [     0    484      0    245     51    123      0    484      0      0 ]
>PF0099.1	ATCMNTCCGY
A  [   344      0      0     74     31      0      0      0      0      0 ]
C  [     0      0    344    270    208      0    344    344      0    340 ]
G  [     0      0      0      0     31      0      0      0    344      0 ]
T  [     0    344      0      0     74    344      0      0      0      4 ]
>PF0100.1	CRGAARNNNNCGA
A  [     0     40      0    268    268    178     30     94     46     18      0      0    268 ]
C  [   268      0      0      0      0      0     82     32     48    197    268      0      0 ]
G  [     0    228    268      0      0     90     70     58    163     38      0    268      0 ]
T  [     0      0      0      0      0      0     86     84     11     15      0      0      0 ]
>PF0101.1	CTGCAGY
A  [     0      0      0      0   4132      0      0 ]
C  [  4132      0      0   4132      0      0   2747 ]
G  [     0      0   4132      0      0   4132      0 ]
T  [     0   4132      0      0      0      0   1385 ]
>PF0102.1	ATGGYGGA
A  [   476      0      0      0      0      0      0    476 ]
C  [     0      0      0      0    401      0      0      0 ]
G  [     0      0    476    476      0    476    476      0 ]
T  [     0    476      0      0     75      0      0      0 ]
>PF0103.1	ACAWNRNSRCGG
A  [   244      0    244    208     78    160     10      0      8      0      0      0 ]
C  [     0    244      0      0     26      0     44     34      0    244      0      0 ]
G  [     0      0      0      0    118     84     42    210    236      0    244    244 ]
T  [     0      0      0     36     22      0    148      0      0      0      0      0 ]
>PF0104.1	CCAATNNSNNNGCG
A  [     0      0    236    236      0     21     75      0     63     47     53      0      0      0 ]
C  [   236    236      0      0      0    114     30     79     93     20     79      0    236      0 ]
G  [     0      0      0      0      0     94    118    157     63    141     81    236      0    236 ]
T  [     0      0      0      0    236      7     13      0     17     28     23      0      0      0 ]
>PF0105.1	ACTWSNACTNY
A  [   396      0      0    319      0    292    396      0      0     14      0 ]
C  [     0    396      0      0    374     47      0    396      0    324    377 ]
G  [     0      0      0      0     22     44      0      0      0      6      0 ]
T  [     0      0    396     77      0     13      0      0    396     52     19 ]
>PF0106.1	CCGNMNNTNACG
A  [     0      0      0     26    280    247     51      0     28    372      0      0 ]
C  [   372    372      0     44     92     72     34      0     43      0    372      0 ]
G  [     0      0    372    294      0     32    275      0    286      0      0    372 ]
T  [     0      0      0      8      0     21     12    372     15      0      0      0 ]
>PF0107.1	RTTTNNNYTGGM
A  [   185      0      0      0     87     49    108      0      0      0      0    216 ]
C  [     0      0      0      0     72    139     70    100      0      0      0    148 ]
G  [   179      0      0      0    113     67     42      0      0    364    364      0 ]
T  [     0    364    364    364     92    109    144    264    364      0      0      0 ]
>PF0108.1	AACWWCAANK
A  [   604    604      0    128    510      0    604    604    157      0 ]
C  [     0      0    604      0      0    604      0      0    227      0 ]
G  [     0      0      0      0      0      0      0      0    102    164 ]
T  [     0      0      0    476     94      0      0      0    118    440 ]
>PF0109.1	YGTCCTTGR
A  [     0      0      0      0      0      0      0      0    137 ]
C  [    63      0      0    328    328      0      0      0      0 ]
G  [     0    328      0      0      0      0      0    328    191 ]
T  [   265      0    328      0      0    328    328      0      0 ]
>PF0110.1	MCAATNNNNNGCG
A  [   144      0    432    432      0     95    130     46    127    122      0      0      0 ]
C  [   288    432      0      0      0    152    108    112    160     87      0    432      0 ]
G  [     0      0      0      0      0    172    171    240    111    182    432      0    432 ]
T  [     0      0      0      0    432     13     23     34     34     41      0      0      0 ]
>PF0111.1	RACCACAR
A  [   473    772      0      0    772      0    772    407 ]
C  [     0      0    772    772      0    772      0      0 ]
G  [   299      0      0      0      0      0      0    365 ]
T  [     0      0      0      0      0      0      0      0 ]
>PF0112.1	KTGGYRSGAA
A  [     0      0      0      0      0     52      0      0    308    308 ]
C  [     0      0      0      0    246      0     67      0      0      0 ]
G  [   146      0    308    308      0    256    241    308      0      0 ]
T  [   162    308      0      0     62      0      0      0      0      0 ]
>PF0113.1	AACYNNNNTTCCS
A  [   412    412      0      0    270     16    269     95      0      0      0      0      0 ]
C  [     0      0    412     62     61    356     81     83      0      0    412    412    381 ]
G  [     0      0      0      0     41     19     45     31      0      0      0      0     31 ]
T  [     0      0      0    350     40     21     17    203    412    412      0      0      0 ]
>PF0114.1	YTCCCRNNAGGY
A  [     0      0      0      0      0    208     17     85    304      0      0      0 ]
C  [   184      0    304    304    304      0     26    153      0      0      0    272 ]
G  [     0      0      0      0      0     96    248     56      0    304    304      0 ]
T  [   120    304      0      0      0      0     13     10      0      0      0     32 ]
>PF0115.1	YRTCANNRCGC
A  [     0     54      0      0    332     18     37    120      0      0      0 ]
C  [   218      0      0    332      0    142    132      0    332      0    332 ]
G  [     0    278      0      0      0    105    116    212      0    332      0 ]
T  [   114      0    332      0      0     67     47      0      0      0      0 ]
>PF0116.1	KMCATNNWGGA
A  [     0     57      0    376      0     35     28    114      0      0    376 ]
C  [     0    319    376      0      0    134     65      0      0      0      0 ]
G  [   247      0      0      0      0     91     57      0    376    376      0 ]
T  [   129      0      0      0    376    116    226    262      0      0      0 ]
>PF0117.1	TGTYNNNNNRGCARM
A  [     0      0      0      0     55     23     33    117     63    136      0      0    256    139     80 ]
C  [     0      0      0    100     26    109    120     54     61      0      0    256      0      0    176 ]
G  [     0    256      0      0     71     35     60     53     34    120    256      0      0    117      0 ]
T  [   256      0    256    156    104     89     43     32     98      0      0      0      0      0      0 ]
>PF0118.1	GGCNRNWCTTYS
A  [     0      0      0     51     38     66    285      0      0      0      0      0 ]
C  [     0      0    356     44      0     58      0    356      0      0    266    294 ]
G  [   356    356      0    205    318    196      0      0      0      0      0     62 ]
T  [     0      0      0     56      0     36     71      0    356    356     90      0 ]
>PF0119.1	GGGNRMNNYCAT
A  [     0      0      0     62     53     88     62     39      0      0    320      0 ]
C  [     0      0      0    172      0    232    165     41    249    320      0      0 ]
G  [   320    320    320     49    267      0     54    204      0      0      0      0 ]
T  [     0      0      0     37      0      0     39     36     71      0      0    320 ]
>PF0120.1	KRCTCNNNNMANAGC
A  [     0      8      0      0      0      9     25    264    259    328    536     10    536      0      0 ]
C  [     0      0    536      0    536     15      4     12      0    208      0     23      0      0    536 ]
G  [   520    528      0      0      0      0    207      7     27      0      0    502      0    536      0 ]
T  [    16      0      0    536      0    512    300    253    250      0      0      1      0      0      0 ]
>PF0121.1	CCAWWNAAGG
A  [     0      0    268    138    208    108    268    268      0      0 ]
C  [   268    268      0      0      0     45      0      0      0      0 ]
G  [     0      0      0      0      0     28      0      0    268    268 ]
T  [     0      0      0    130     60     87      0      0      0      0 ]
>PF0122.1	RNTCANNRNNYNATTW
A  [    71     39      0      0    152     27     29     79     45     44      0     51    152      0      0     92 ]
C  [     0     49      0    152      0     44     28      0     29     44     53     45      0      0      0      0 ]
G  [    81     28      0      0      0     22     22     73     35     10      0      8      0      0      0      0 ]
T  [     0     36    152      0      0     59     73      0     43     54     99     48      0    152    152     60 ]
>PF0123.1	GGCNNMSMYNTTG
A  [     0      0      0     85     36     50      0    192      0     29      0      0      0 ]
C  [     0      0    300    100     56    250    228    108     73    110      0      0      0 ]
G  [   300    300      0     99    188      0     72      0      0     83      0      0    300 ]
T  [     0      0      0     16     20      0      0      0    227     78    300    300      0 ]
>PF0124.1	CCAWYNNGAAR
A  [     0      0    572    420      0    109    247      0    572    572    280 ]
C  [   572    572      0      0    126    167      1      0      0      0      0 ]
G  [     0      0      0      0      0    149    208    572      0      0    292 ]
T  [     0      0      0    152    446    147    116      0      0      0      0 ]
>PF0125.1	RAAGNYNNCTTY
A  [   292    516    516      0     79      0    148    121      0      0      0      0 ]
C  [     0      0      0      0    103    224    104    144    516      0      0    230 ]
G  [   224      0      0    516    177      0    132    116      0      0      0      0 ]
T  [     0      0      0      0    157    292    132    135      0    516    516    286 ]
>PF0126.1	WYAAANNRNNNGCG
A  [    80      0    240    240    240     76     58     55     37     28     53      0      0      0 ]
C  [     0     86      0      0      0     42     32      0     60    149     88      0    240      0 ]
G  [     0      0      0      0      0    106    102    185    120     47     81    240      0    240 ]
T  [   160    154      0      0      0     16     48      0     23     16     18      0      0      0 ]
>PF0127.1	WWTAAGGC
A  [   156    195      0    452    452      0      0      0 ]
C  [     0      0      0      0      0      0      0    452 ]
G  [     0      0      0      0      0    452    452      0 ]
T  [   296    257    452      0      0      0      0      0 ]
>PF0128.1	RYCACNNRNNRNCAG
A  [    76      0      0    236      0     78     78     78     92     46    105     48      0    236      0 ]
C  [     0    135    236      0    236     62     38      0     39     54      0     51    236      0      0 ]
G  [   160      0      0      0      0     58     84    158     90     75    131    107      0      0    236 ]
T  [     0    101      0      0      0     38     36      0     15     61      0     30      0      0      0 ]
>PF0129.1	RRAGTTGT
A  [   334    450    888      0      0      0      0      0 ]
C  [     0      0      0      0      0      0      0      0 ]
G  [   554    438      0    888      0      0    888      0 ]
T  [     0      0      0      0    888    888      0    888 ]
>PF0130.1	CCCNNGGGAR
A  [     0      0      0    248    287      0      0      0   1236    483 ]
C  [  1236   1236   1236    471    213      0      0      0      0      0 ]
G  [     0      0      0    250    514   1236   1236   1236      0    753 ]
T  [     0      0      0    267    222      0      0      0      0      0 ]
>PF0131.1	GATAAGR
A  [     0    936      0    936    936      0    463 ]
C  [     0      0      0      0      0      0      0 ]
G  [   936      0      0      0      0    936    473 ]
T  [     0      0    936      0      0      0      0 ]
>PF0132.1	TCCATTKW
A  [     0      0      0    852      0      0      0    172 ]
C  [     0    852    852      0      0      0      0      0 ]
G  [     0      0      0      0      0      0    348      0 ]
T  [   852      0      0      0    852    852    504    680 ]
>PF0133.1	RYTAAWNNNTGAY
A  [    66      0      0    168    168     83     37     43      5      0      0    168      0 ]
C  [     0     42      0      0      0      0     35     19     53      0      0      0     93 ]
G  [   102      0      0      0      0      0     53     48     39      0    168      0      0 ]
T  [     0    126    168      0      0     85     43     58     71    168      0      0     75 ]
>PF0134.1	CATRRAGC
A  [     0    492      0    161    240    492      0      0 ]
C  [   492      0      0      0      0      0      0    492 ]
G  [     0      0      0    331    252      0    492      0 ]
T  [     0      0    492      0      0      0      0      0 ]
>PF0135.1	AGCYRWTTC
A  [   388      0      0      0    180    121      0      0      0 ]
C  [     0      0    388    213      0      0      0      0    388 ]
G  [     0    388      0      0    208      0      0      0      0 ]
T  [     0      0      0    175      0    267    388    388      0 ]
>PF0136.1	TAAYNRNNTCC
A  [     0    532    532      0    150    308    107    123      0      0      0 ]
C  [     0      0      0    175     92      0    191    142      0    532    532 ]
G  [     0      0      0      0     83    224    120     84      0      0      0 ]
T  [   532      0      0    357    207      0    114    183    532      0      0 ]
>PF0137.1	GAANYNYGACNY
A  [     0    216    216     90      0     29      0      0    216      0     55      0 ]
C  [     0      0      0     62    100     95     48      0      0    216     82    105 ]
G  [   216      0      0     33      0     38      0    216      0      0     27      0 ]
T  [     0      0      0     31    116     54    168      0      0      0     52    111 ]
>PF0138.1	MYAATNNNNNNNGGC
A  [   168      0    484    484      0     88    135     53    164     99     85    134      0      0      0 ]
C  [   316    368      0      0      0    159    135    118    154     75    142    165      0      0    484 ]
G  [     0      0      0      0      0    170    157    272     98    242    213    120    484    484      0 ]
T  [     0    116      0      0    484     67     57     41     68     68     44     65      0      0      0 ]
>PF0139.1	AAAYWAACM
A  [   776    776    776      0    657    776    776      0    578 ]
C  [     0      0      0    415      0      0      0    776    198 ]
G  [     0      0      0      0      0      0      0      0      0 ]
T  [     0      0      0    361    119      0      0      0      0 ]
>PF0140.1	RNGTGGGC
A  [  1436    752      0      0      0      0      0      0 ]
C  [     0    697      0      0      0      0      0   3008 ]
G  [  1572   1117   3008      0   3008   3008   3008      0 ]
T  [     0    442      0   3008      0      0      0      0 ]
>PF0141.1	TTCNRGNNNNTTC
A  [     0      0      0     61    343      0    251    279    133     76      0      0      0 ]
C  [     0      0    588    290      0      0    155     66    154    216      0      0    588 ]
G  [     0      0      0      7    245    588     99     76    157    116      0      0      0 ]
T  [   588    588      0    230      0      0     83    167    144    180    588    588      0 ]
>PF0142.1	ACAWYAAAG
A  [   280      0    280    188      0    280    280    280      0 ]
C  [     0    280      0      0    184      0      0      0      0 ]
G  [     0      0      0      0      0      0      0      0    280 ]
T  [     0      0      0     92     96      0      0      0      0 ]
>PF0143.1	CAGNWMCNNNGAC
A  [     0    280      0     25    264     20      0    135     73     32      0    280      0 ]
C  [   280      0      0    217      0    260    280     31     95      1      0      0    280 ]
G  [     0      0    280     26      0      0      0     52     45    212    280      0      0 ]
T  [     0      0      0     12     16      0      0     62     67     35      0      0      0 ]
>PF0144.1	AAANWWTGC
A  [   728    728    728     97    251    255      0      0      0 ]
C  [     0      0      0    237      0      0      0      0    728 ]
G  [     0      0      0    260      0      0      0    728      0 ]
T  [     0      0      0    134    477    473    728      0      0 ]
>PF0145.1	YKACATTT
A  [     0      0    820      0    820      0      0      0 ]
C  [   312      0      0    820      0      0      0      0 ]
G  [     0    404      0      0      0      0      0      0 ]
T  [   508    416      0      0      0    820    820    820 ]
>PF0146.1	RRCCGTTA
A  [   155    208      0      0      0      0      0    444 ]
C  [     0      0    444    444      0      0      0      0 ]
G  [   289    236      0      0    444      0      0      0 ]
T  [     0      0      0      0      0    444    444      0 ]
>PF0147.1	YAATNANRNNNCAG
A  [     0    200    200      0     52    200     46    112     55     59     27      0    200      0 ]
C  [   113      0      0      0     86      0     42      0     52     36     67    200      0      0 ]
G  [     0      0      0      0     45      0     74     88     58     57     83      0      0    200 ]
T  [    87      0      0    200     17      0     38      0     35     48     23      0      0      0 ]
>PF0148.1	GATGKMRGCG
A  [     0    280      0      0      0     51     55      0      0      0 ]
C  [     0      0      0      0      0    229      0      0    280      0 ]
G  [   280      0      0    280    259      0    225    280      0    280 ]
T  [     0      0    280      0     21      0      0      0      0      0 ]
>PF0149.1	YGACNNYACAR
A  [     0      0    336      0    116     40      0    336      0    336    163 ]
C  [    22      0      0    336     75     33    301      0    336      0      0 ]
G  [     0    336      0      0    108     16      0      0      0      0    173 ]
T  [   314      0      0      0     37    247     35      0      0      0      0 ]
>PF0150.1	YTTCCNNNGGAMR
A  [     0      0      0      0      0     70     44    172      0      0    392    328    199 ]
C  [   209      0      0    392    392     46    148     92      0      0      0     64      0 ]
G  [     0      0      0      0      0    108    159     70    392    392      0      0    193 ]
T  [   183    392    392      0      0    168     41     58      0      0      0      0      0 ]
>PF0151.1	RYAAAKNNNNNNTTGW
A  [   171      0    240    240    240      0     89     40     32     29     48     82      0      0      0    100 ]
C  [     0    153      0      0      0      0     38     50     74     77    115     53      0      0      0      0 ]
G  [    69      0      0      0      0    142     67     66     63     38     28     34      0      0    240      0 ]
T  [     0     87      0      0      0     98     46     84     71     96     49     71    240    240      0    140 ]
>PF0152.1	WCAANNNYCAG
A  [   651      0    900    900    312    143     89      0      0    900      0 ]
C  [     0    900      0      0    279     98    554    691    900      0      0 ]
G  [     0      0      0      0    157    179    105      0      0      0    900 ]
T  [   249      0      0      0    152    480    152    209      0      0      0 ]
>PF0153.1	CTGRYYYNATT
A  [     0      0      0    114      0      0      0     45    184      0      0 ]
C  [   184      0      0      0     94    107     48     67      0      0      0 ]
G  [     0      0    184     70      0      0      0     35      0      0      0 ]
T  [     0    184      0      0     90     77    136     37      0    184    184 ]
>PF0154.1	RNCTGNYNRNCTGNY
A  [    99     23      0      0      0     40      0     55     71     37      0      0      0     28      0 ]
C  [     0     70    236      0      0     80    149     37      0     77    236      0      0     72    160 ]
G  [   137     94      0      0    236     26      0     52    165     67      0      0    236     82      0 ]
T  [     0     49      0    236      0     90     87     92      0     55      0    236      0     54     76 ]
>PF0155.1	WGTTNNNNNAAA
A  [   843      0      0      0    265    423    410    489    463   1580   1580   1580 ]
C  [     0      0      0      0    283    369    371    189    334      0      0      0 ]
G  [     0   1580      0      0    359    361    254    460    406      0      0      0 ]
T  [   737      0   1580   1580    673    427    545    442    377      0      0      0 ]
>PF0156.1	YRCCAKNNGNCGC
A  [     0    117      0      0    292      0     39      4      0     28      0      0      0 ]
C  [   253      0    292    292      0      0     68     47      0     95    292      0    292 ]
G  [     0    175      0      0      0    243    169    138    292    152      0    292      0 ]
T  [    39      0      0      0      0     49     16    103      0     17      0      0      0 ]
>PF0157.1	KCCGNSWTTT
A  [     0      0      0      0     31      0    381      0      0      0 ]
C  [     0    568    568      0    341    416      0      0      0      0 ]
G  [   371      0      0    568    147    152      0      0      0      0 ]
T  [   197      0      0      0     49      0    187    568    568    568 ]
>PF0158.1	CCCNNNNNNAAGWT
A  [     0      0      0    149    104    172    108     64    157    480    480      0    320      0 ]
C  [   480    480    480     79    169    125    121    220    202      0      0      0      0      0 ]
G  [     0      0      0    104    123     72     99     96     65      0      0    480      0      0 ]
T  [     0      0      0    148     84    111    152    100     56      0      0      0    160    480 ]
>PF0159.1	GGCKCATGS
A  [     0      0      0      0      0    288      0      0      0 ]
C  [     0      0    288      0    288      0      0      0    241 ]
G  [   288    288      0    256      0      0      0    288     47 ]
T  [     0      0      0     32      0      0    288      0      0 ]
>PF0160.1	CAGNYGKNAAA
A  [     0    228      0     52      0      0      0     37    228    228    228 ]
C  [   228      0      0    127     35      0      0     90      0      0      0 ]
G  [     0      0    228     30      0    228    122     76      0      0      0 ]
T  [     0      0      0     19    193      0    106     25      0      0      0 ]
>PF0161.1	TTANWNANTGGM
A  [     0      0    192     80     68     63    192     92      0      0      0     95 ]
C  [     0      0      0     40      0     28      0     41      0      0      0     97 ]
G  [     0      0      0     32      0     18      0     25      0    192    192      0 ]
T  [   192    192      0     40    124     83      0     34    192      0      0      0 ]
>PF0162.1	TAANNYSGCG
A  [     0    420    420     80    244      0      0      0      0      0 ]
C  [     0      0      0    154     66    134    108      0    420      0 ]
G  [     0      0      0    110     54      0    312    420      0    420 ]
T  [   420      0      0     76     56    286      0      0      0      0 ]
>PF0163.1	GGARNTKYCCA
A  [     0      0    244    116     74      0      0      0      0      0    244 ]
C  [     0      0      0      0     81      0      0     96    244    244      0 ]
G  [   244    244      0    128     41      0     94      0      0      0      0 ]
T  [     0      0      0      0     48    244    150    148      0      0      0 ]
>PF0164.1	GCGSCMNTTT
A  [     0      0      0      0      0    234     83      0      0      0 ]
C  [     0    312      0    212    312     78     32      0      0      0 ]
G  [   312      0    312    100      0      0     22      0      0      0 ]
T  [     0      0      0      0      0      0    175    312    312    312 ]
>PF0165.1	CCAWNWWNNNGGC
A  [     0      0    328    200     40    192     86     81     45     89      0      0      0 ]
C  [   328    328      0      0     89      0      0     63     60    140      0      0    328 ]
G  [     0      0      0      0    111      0      0    159    177     51    328    328      0 ]
T  [     0      0      0    128     88    136    242     25     46     48      0      0      0 ]
>PF0166.1	YNTTTNNNANGCARM
A  [     0     28      0      0      0     50     97     90    192     50      0      0    192     74    163 ]
C  [   100     70      0      0      0     47     47     26      0     12      0    192      0      0     29 ]
G  [     0     37      0      0      0     31     21     40      0     52    192      0      0    118      0 ]
T  [    92     57    192    192    192     64     27     36      0     78      0      0      0      0      0 ]
>PF0167.1	CCTNTMAGA
A  [     0      0      0     23      0    383    528      0    528 ]
C  [   528    528      0     59      0    145      0      0      0 ]
G  [     0      0      0     98      0      0      0    528      0 ]
T  [     0      0    528    348    528      0      0      0      0 ]
>PF0168.1	YTAAYNGCT
A  [     0      0    388    388      0    124      0      0      0 ]
C  [   185      0      0      0    164     13      0    388      0 ]
G  [     0      0      0      0      0    134    388      0      0 ]
T  [   203    388      0      0    224    117      0      0    388 ]
>PF0169.1	TTTNNANAGCYR
A  [     0      0      0     41    126    456    106    456      0      0      0    322 ]
C  [     0      0      0     32    224      0     56      0      0    456    328      0 ]
G  [     0      0      0     37     51      0    260      0    456      0      0    134 ]
T  [   456    456    456    346     55      0     34      0      0      0    128      0 ]
>PF0170.1	YNGTTNNNATT
A  [     0    260      0      0      0    119    152    315    920      0      0 ]
C  [   458    103      0      0      0    144    188    229      0      0      0 ]
G  [     0    151    920      0      0    212    213    192      0      0      0 ]
T  [   462    406      0    920    920    445    367    184      0    920    920 ]
>PF0171.1	CTCNANGTGNY
A  [     0      0      0     43    368     69      0      0      0     75      0 ]
C  [   368      0    368    268      0    125      0      0      0    115    252 ]
G  [     0      0      0     20      0    118    368      0    368    111      0 ]
T  [     0    368      0     37      0     56      0    368      0     67    116 ]
>PF0172.1	TTGCWCAAY
A  [     0      0      0      0     79      0    148    148      0 ]
C  [     0      0      0    148      0    148      0      0     73 ]
G  [     0      0    148      0      0      0      0      0      0 ]
T  [   148    148      0      0     69      0      0      0     75 ]
>PF0173.1	YWATTWNNRGCT
A  [     0     80    220      0      0     94     53     60    134      0      0      0 ]
C  [    88      0      0      0      0      0     43     48      0      0    220      0 ]
G  [     0      0      0      0      0      0     55     21     86    220      0      0 ]
T  [   132    140      0    220    220    126     69     91      0      0      0    220 ]
>PF0174.1	WTGAAAT
A  [   780      0      0   1700   1700   1700      0 ]
C  [     0      0      0      0      0      0      0 ]
G  [     0      0   1700      0      0      0      0 ]
T  [   920   1700      0      0      0      0   1700 ]
