AC PL0001.1
XX
ID hlh-11
XX
DE PL0001.1 hlh-11 ; From JASPAR 2018
PO	A	C	G	T
01	32.0	15.0	18.0	34.0
02	25.0	31.0	12.0	31.0
03	22.0	27.0	19.0	30.0
04	24.0	14.0	40.0	20.0
05	73.0	7.0	16.0	2.0
06	20.0	7.0	1.0	70.0
07	2.0	94.0	1.0	1.0
08	94.0	1.0	1.0	2.0
09	1.0	4.0	90.0	3.0
10	4.0	88.0	5.0	1.0
11	2.0	6.0	1.0	89.0
12	1.0	1.0	93.0	4.0
13	60.0	2.0	12.0	24.0
14	14.0	20.0	20.0	44.0
15	18.0	41.0	26.0	13.0
16	21.0	16.0	34.0	28.0
XX
//
AC PL0002.1
XX
ID hlh-2::hlh-3
XX
DE PL0002.1 hlh-2::hlh-3 ; From JASPAR 2018
PO	A	C	G	T
01	32.0	28.0	23.0	15.0
02	32.0	13.0	36.0	17.0
03	17.0	18.0	24.0	39.0
04	49.0	6.0	29.0	14.0
05	44.0	41.0	12.0	0.0
06	0.0	98.0	0.0	0.0
07	98.0	0.0	0.0	0.0
08	0.0	84.0	2.0	12.0
09	0.0	98.0	0.0	0.0
10	0.0	0.0	0.0	98.0
11	0.0	0.0	98.0	0.0
12	0.0	84.0	3.0	11.0
13	5.0	24.0	7.0	61.0
14	35.0	22.0	19.0	22.0
15	42.0	21.0	21.0	14.0
16	21.0	25.0	12.0	39.0
17	22.0	33.0	14.0	29.0
XX
//
AC PL0003.1
XX
ID hlh-2::cnd-1
XX
DE PL0003.1 hlh-2::cnd-1 ; From JASPAR 2018
PO	A	C	G	T
01	33.0	32.0	12.0	21.0
02	16.0	26.0	38.0	18.0
03	23.0	12.0	34.0	29.0
04	66.0	18.0	7.0	7.0
05	72.0	18.0	5.0	3.0
06	6.0	87.0	2.0	3.0
07	94.0	1.0	1.0	2.0
08	1.0	3.0	60.0	34.0
09	19.0	75.0	2.0	1.0
10	4.0	0.0	1.0	93.0
11	3.0	1.0	90.0	4.0
12	2.0	9.0	11.0	77.0
13	7.0	49.0	18.0	24.0
14	22.0	29.0	11.0	36.0
15	36.0	21.0	18.0	24.0
16	40.0	16.0	19.0	23.0
XX
//
AC PL0004.1
XX
ID hlh-27
XX
DE PL0004.1 hlh-27 ; From JASPAR 2018
PO	A	C	G	T
01	43.0	14.0	25.0	16.0
02	13.0	17.0	30.0	38.0
03	33.0	9.0	51.0	4.0
04	1.0	94.0	1.0	1.0
05	23.0	5.0	65.0	5.0
06	0.0	91.0	0.0	7.0
07	16.0	0.0	83.0	0.0
08	0.0	0.0	0.0	98.0
09	0.0	0.0	98.0	0.0
10	0.0	0.0	5.0	93.0
11	0.0	94.0	0.0	4.0
12	0.0	86.0	1.0	10.0
13	7.0	61.0	12.0	19.0
14	39.0	19.0	14.0	26.0
15	26.0	17.0	28.0	27.0
XX
//
AC PL0005.1
XX
ID hlh-30
XX
DE PL0005.1 hlh-30 ; From JASPAR 2018
PO	A	C	G	T
01	38.0	18.0	16.0	26.0
02	21.0	24.0	30.0	22.0
03	36.0	11.0	20.0	31.0
04	61.0	4.0	23.0	10.0
05	5.0	6.0	4.0	83.0
06	0.0	96.0	0.0	1.0
07	94.0	1.0	1.0	2.0
08	0.0	85.0	0.0	13.0
09	13.0	0.0	85.0	0.0
10	2.0	1.0	1.0	94.0
11	1.0	0.0	96.0	0.0
12	83.0	4.0	6.0	5.0
13	0.0	63.0	0.0	34.0
14	36.0	21.0	14.0	26.0
15	38.0	19.0	18.0	23.0
16	28.0	10.0	22.0	39.0
17	21.0	25.0	24.0	29.0
XX
//
AC PL0006.1
XX
ID hlh-2::lin-32
XX
DE PL0006.1 hlh-2::lin-32 ; From JASPAR 2018
PO	A	C	G	T
01	28.0	28.0	17.0	26.0
02	39.0	29.0	18.0	12.0
03	24.0	15.0	35.0	23.0
04	47.0	23.0	22.0	7.0
05	64.0	28.0	6.0	0.0
06	1.0	98.0	0.0	0.0
07	97.0	0.0	1.0	0.0
08	0.0	16.0	63.0	19.0
09	19.0	63.0	16.0	0.0
10	0.0	1.0	0.0	97.0
11	0.0	0.0	98.0	1.0
12	0.0	6.0	28.0	64.0
13	5.0	38.0	7.0	48.0
14	24.0	35.0	17.0	22.0
15	22.0	24.0	15.0	37.0
16	21.0	33.0	24.0	19.0
XX
//
AC PL0007.1
XX
ID mxl-3
XX
DE PL0007.1 mxl-3 ; From JASPAR 2018
PO	A	C	G	T
01	17.0	32.0	19.0	30.0
02	28.0	19.0	29.0	22.0
03	25.0	14.0	30.0	29.0
04	67.0	8.0	16.0	7.0
05	27.0	60.0	9.0	2.0
06	3.0	95.0	0.0	0.0
07	97.0	0.0	1.0	1.0
08	0.0	95.0	0.0	4.0
09	4.0	0.0	95.0	0.0
10	1.0	1.0	0.0	97.0
11	0.0	0.0	95.0	3.0
12	2.0	9.0	60.0	27.0
13	13.0	22.0	9.0	54.0
14	13.0	38.0	14.0	32.0
15	25.0	27.0	21.0	24.0
16	31.0	10.0	36.0	21.0
XX
//
AC PL0008.1
XX
ID hlh-29
XX
DE PL0008.1 hlh-29 ; From JASPAR 2018
PO	A	C	G	T
01	22.0	29.0	23.0	24.0
02	28.0	15.0	18.0	36.0
03	33.0	10.0	38.0	17.0
04	26.0	31.0	10.0	31.0
05	5.0	54.0	13.0	27.0
06	82.0	0.0	15.0	1.0
07	2.0	92.0	0.0	4.0
08	3.0	0.0	95.0	0.0
09	0.0	85.0	0.0	13.0
10	46.0	0.0	52.0	0.0
11	1.0	1.0	0.0	97.0
12	3.0	1.0	93.0	1.0
13	2.0	1.0	49.0	46.0
14	5.0	47.0	4.0	41.0
15	30.0	32.0	11.0	26.0
16	30.0	23.0	17.0	28.0
17	41.0	10.0	23.0	23.0
XX
//
AC PL0009.1
XX
ID hlh-26
XX
DE PL0009.1 hlh-26 ; From JASPAR 2018
PO	A	C	G	T
01	23.0	23.0	24.0	29.0
02	41.0	14.0	22.0	21.0
03	29.0	20.0	19.0	30.0
04	18.0	7.0	53.0	20.0
05	42.0	1.0	55.0	0.0
06	0.0	95.0	0.0	2.0
07	82.0	1.0	11.0	4.0
08	0.0	97.0	0.0	1.0
09	2.0	0.0	95.0	0.0
10	1.0	3.0	0.0	94.0
11	0.0	0.0	97.0	1.0
12	1.0	19.0	2.0	75.0
13	5.0	67.0	3.0	23.0
14	24.0	31.0	17.0	25.0
15	32.0	18.0	17.0	31.0
16	34.0	22.0	21.0	20.0
17	30.0	9.0	20.0	39.0
XX
//
AC PL0010.1
XX
ID hlh-2::hlh-19
XX
DE PL0010.1 hlh-2::hlh-19 ; From JASPAR 2018
PO	A	C	G	T
01	21.0	12.0	31.0	33.0
02	23.0	23.0	24.0	27.0
03	17.0	10.0	23.0	47.0
04	53.0	12.0	25.0	8.0
05	56.0	32.0	8.0	3.0
06	3.0	93.0	1.0	1.0
07	94.0	1.0	2.0	1.0
08	1.0	9.0	63.0	25.0
09	10.0	51.0	36.0	0.0
10	3.0	2.0	0.0	92.0
11	2.0	1.0	92.0	4.0
12	2.0	6.0	33.0	57.0
13	8.0	38.0	14.0	39.0
14	40.0	39.0	7.0	12.0
15	25.0	32.0	17.0	24.0
16	26.0	25.0	23.0	24.0
XX
//
AC PL0011.1
XX
ID hlh-2::hlh-4
XX
DE PL0011.1 hlh-2::hlh-4 ; From JASPAR 2018
PO	A	C	G	T
01	44.0	23.0	18.0	13.0
02	53.0	8.0	26.0	11.0
03	28.0	9.0	7.0	54.0
04	53.0	0.0	1.0	43.0
05	22.0	29.0	18.0	28.0
06	0.0	98.0	0.0	0.0
07	98.0	0.0	0.0	0.0
08	0.0	92.0	5.0	2.0
09	0.0	99.0	0.0	0.0
10	0.0	0.0	0.0	99.0
11	0.0	0.0	98.0	0.0
12	0.0	69.0	4.0	25.0
13	8.0	17.0	6.0	67.0
14	25.0	28.0	19.0	27.0
15	36.0	18.0	23.0	21.0
16	24.0	23.0	18.0	33.0
17	16.0	30.0	21.0	31.0
XX
//
AC PL0012.1
XX
ID hlh-2::hlh-8
XX
DE PL0012.1 hlh-2::hlh-8 ; From JASPAR 2018
PO	A	C	G	T
01	33.0	21.0	22.0	22.0
02	14.0	30.0	22.0	32.0
03	39.0	28.0	17.0	13.0
04	63.0	16.0	11.0	8.0
05	77.0	16.0	4.0	1.0
06	2.0	95.0	0.0	1.0
07	96.0	1.0	1.0	1.0
08	0.0	6.0	5.0	87.0
09	35.0	57.0	6.0	0.0
10	1.0	1.0	0.0	95.0
11	0.0	1.0	95.0	2.0
12	1.0	2.0	77.0	18.0
13	13.0	21.0	8.0	56.0
14	28.0	19.0	23.0	28.0
15	14.0	18.0	25.0	41.0
16	28.0	39.0	13.0	18.0
XX
//
AC PL0013.1
XX
ID hlh-2::hlh-15
XX
DE PL0013.1 hlh-2::hlh-15 ; From JASPAR 2018
PO	A	C	G	T
01	32.0	15.0	35.0	16.0
02	25.0	22.0	33.0	18.0
03	46.0	40.0	6.0	6.0
04	21.0	38.0	34.0	5.0
05	1.0	95.0	0.0	1.0
06	94.0	0.0	0.0	4.0
07	0.0	38.0	54.0	6.0
08	5.0	78.0	13.0	1.0
09	1.0	1.0	1.0	96.0
10	0.0	1.0	95.0	2.0
11	5.0	26.0	42.0	25.0
12	9.0	3.0	71.0	15.0
13	13.0	40.0	24.0	21.0
14	16.0	55.0	12.0	15.0
15	29.0	50.0	12.0	6.0
16	7.0	12.0	19.0	60.0
XX
//
AC PL0014.1
XX
ID mxl-1::mdl-1
XX
DE PL0014.1 mxl-1::mdl-1 ; From JASPAR 2018
PO	A	C	G	T
01	16.0	22.0	15.0	45.0
02	30.0	18.0	23.0	27.0
03	28.0	11.0	27.0	33.0
04	45.0	12.0	23.0	17.0
05	7.0	42.0	42.0	7.0
06	0.0	98.0	0.0	0.0
07	98.0	0.0	0.0	1.0
08	0.0	96.0	0.0	3.0
09	2.0	0.0	97.0	0.0
10	0.0	1.0	0.0	98.0
11	0.0	0.0	98.0	0.0
12	10.0	42.0	41.0	5.0
13	11.0	19.0	32.0	36.0
14	45.0	18.0	18.0	17.0
15	32.0	19.0	17.0	30.0
16	19.0	29.0	25.0	25.0
XX
//
AC PL0015.1
XX
ID hlh-2::hlh-14
XX
DE PL0015.1 hlh-2::hlh-14 ; From JASPAR 2018
PO	A	C	G	T
01	23.0	25.0	24.0	26.0
02	20.0	19.0	25.0	34.0
03	56.0	11.0	17.0	14.0
04	63.0	15.0	19.0	2.0
05	1.0	96.0	0.0	0.0
06	97.0	0.0	0.0	1.0
07	0.0	41.0	32.0	25.0
08	2.0	95.0	1.0	0.0
09	0.0	0.0	0.0	97.0
10	0.0	0.0	97.0	1.0
11	0.0	14.0	8.0	76.0
12	2.0	72.0	2.0	22.0
13	34.0	27.0	27.0	10.0
14	34.0	25.0	21.0	18.0
15	28.0	15.0	27.0	28.0
16	49.0	16.0	13.0	21.0
XX
//
AC PL0016.1
XX
ID ref-1
XX
DE PL0016.1 ref-1 ; From JASPAR 2018
PO	A	C	G	T
01	34.0	13.0	15.0	36.0
02	26.0	31.0	22.0	19.0
03	51.0	17.0	10.0	20.0
04	34.0	22.0	15.0	27.0
05	22.0	3.0	67.0	6.0
06	22.0	7.0	68.0	1.0
07	0.0	97.0	0.0	0.0
08	96.0	0.0	2.0	0.0
09	0.0	96.0	0.0	2.0
10	1.0	0.0	97.0	0.0
11	0.0	2.0	1.0	95.0
12	0.0	0.0	97.0	0.0
13	0.0	45.0	9.0	44.0
14	21.0	47.0	10.0	21.0
15	30.0	19.0	16.0	33.0
16	33.0	7.0	20.0	38.0
17	49.0	13.0	14.0	22.0
XX
//
AC PL0017.1
XX
ID hlh-2::hlh-10
XX
DE PL0017.1 hlh-2::hlh-10 ; From JASPAR 2018
PO	A	C	G	T
01	21.0	32.0	23.0	23.0
02	24.0	30.0	16.0	27.0
03	20.0	15.0	39.0	24.0
04	16.0	24.0	30.0	28.0
05	74.0	13.0	9.0	2.0
06	81.0	8.0	9.0	0.0
07	0.0	99.0	0.0	0.0
08	99.0	0.0	0.0	0.0
09	0.0	0.0	98.0	0.0
10	1.0	15.0	83.0	0.0
11	0.0	0.0	0.0	99.0
12	0.0	0.0	98.0	0.0
13	1.0	23.0	38.0	37.0
14	11.0	19.0	24.0	44.0
15	21.0	35.0	25.0	17.0
16	16.0	24.0	29.0	29.0
17	33.0	18.0	28.0	19.0
XX
//
AC PL0018.1
XX
ID hlh-25
XX
DE PL0018.1 hlh-25 ; From JASPAR 2018
PO	A	C	G	T
01	38.0	18.0	25.0	17.0
02	32.0	18.0	31.0	16.0
03	13.0	17.0	48.0	20.0
04	39.0	4.0	53.0	2.0
05	0.0	97.0	0.0	0.0
06	21.0	1.0	75.0	2.0
07	0.0	88.0	0.0	10.0
08	15.0	0.0	84.0	0.0
09	0.0	0.0	0.0	98.0
10	0.0	0.0	99.0	0.0
11	0.0	0.0	10.0	89.0
12	0.0	94.0	0.0	4.0
13	1.0	84.0	1.0	12.0
14	10.0	52.0	8.0	28.0
15	31.0	23.0	16.0	28.0
16	22.0	14.0	31.0	30.0
XX
//
AC PL0019.1
XX
ID hlh-1
XX
DE PL0019.1 hlh-1 ; From JASPAR 2018
PO	A	C	G	T
01	16.0	9.0	35.0	37.0
02	21.0	31.0	34.0	13.0
03	25.0	7.0	64.0	2.0
04	70.0	6.0	11.0	11.0
05	2.0	92.0	2.0	1.0
06	92.0	1.0	3.0	1.0
07	12.0	13.0	71.0	1.0
08	1.0	71.0	13.0	12.0
09	1.0	3.0	1.0	92.0
10	1.0	2.0	92.0	2.0
11	16.0	7.0	3.0	71.0
12	2.0	64.0	7.0	25.0
13	30.0	12.0	44.0	12.0
14	35.0	17.0	19.0	27.0
15	33.0	19.0	35.0	11.0
16	31.0	21.0	35.0	10.0
XX
//
