>MF0001.1	ETS class
A  [    62     10     23      2      2     99     87     23 ]
C  [     8     68     65      0      0      0      3      9 ]
G  [    15     17      8     95     97      1      0     64 ]
T  [    15      4      4      3      1      0     11      4 ]
>MF0002.1	bZIP CREB/G-box-like subclass
A  [     0      1    100      0      0      2 ]
C  [     0      0      0     94      0     10 ]
G  [     0     97      0      1    100      0 ]
T  [   100      2      0      4      0     88 ]
>MF0003.1	REL class
A  [     0      0      1     29     42     19      1      3      2      4 ]
C  [    10      2      0      2     16      3      6     27     91     91 ]
G  [    80     91     94     54     15      4      3      0      0      1 ]
T  [    10      7      5     14     26     73     90     70      7      3 ]
>MF0004.1	Nuclear Receptor class
A  [    49      3      6     15     13     74 ]
C  [     4      1      2      5     78     17 ]
G  [    37     87     80      7      4      7 ]
T  [    11     10     12     74      5      2 ]
>MF0005.1	Forkhead class
A  [     3     25      0      0      1     76      2     17      7 ]
C  [     2      0      2      1      0      0     41     10     20 ]
G  [     0     74      1      0      9     21      6     23     12 ]
T  [    95      1     97     99     90      3     51     50     61 ]
>MF0006.1	bZIP cEBP-like subclass
A  [    60      3      0     40      3     50     16     65     73 ]
C  [     9      3      1      0     78      4     21     21      7 ]
G  [    29      1      6     54      3     43      5      6      4 ]
T  [     3     93     93      5     16      3     59      8     15 ]
>MF0007.1	bHLH(zip) class
A  [    61     22      4     84      4      6      5      3 ]
C  [    12     35     91      1     65     26      4      0 ]
G  [    23     27      1      9     21     68      0     95 ]
T  [     4     17      4      6     10      1     91      2 ]
>MF0008.1	MADS class
A  [     3      1     70     18     53     16     53     18     28      5 ]
C  [    91     49      7      5      1      0      2      5      0      2 ]
G  [     2      1      4      5      1      0      4      3     70     85 ]
T  [     4     48     19     72     45     83     41     74      2      8 ]
>MF0009.1	TRP(MYB) class
A  [    34     26     34      6     26      2      2      2 ]
C  [     3      4      4     71     20     21      1      2 ]
G  [     6     37     21      5     47     72      0      1 ]
T  [    57     33     41     18      7      6     97     95 ]
>MF0010.1	Homeobox class
A  [    75     60      5     65     81      8     13 ]
C  [     8      3      5      2      2      1      8 ]
G  [     6     14      3     21     11      7      8 ]
T  [    10     22     87     11      6     84     71 ]
>MF0011.1	HMG class
A  [    60      2      2     11     12     10 ]
C  [     9      6      5      7      8     18 ]
G  [     0     14      1     75      3     11 ]
T  [    31     78     93      8     76     62 ]
