AC PB0001.1
XX
ID Arid3a_1
XX
DE PB0001.1 Arid3a_1 ; From JASPAR 2018
PO	A	C	G	T
01	18.0	27.0	38.0	17.0
02	21.0	22.0	35.0	22.0
03	18.0	21.0	34.0	26.0
04	22.0	20.0	19.0	39.0
05	9.0	11.0	8.0	72.0
06	4.0	10.0	5.0	82.0
07	70.0	1.0	18.0	11.0
08	89.0	0.0	0.0	11.0
09	11.0	0.0	0.0	89.0
10	11.0	18.0	1.0	70.0
11	82.0	5.0	10.0	4.0
12	72.0	8.0	11.0	9.0
13	60.0	5.0	9.0	27.0
14	47.0	28.0	6.0	19.0
15	23.0	23.0	19.0	35.0
16	27.0	23.0	13.0	37.0
17	24.0	30.0	20.0	26.0
XX
//
AC PB0002.1
XX
ID Arid5a_1
XX
DE PB0002.1 Arid5a_1 ; From JASPAR 2018
PO	A	C	G	T
01	18.0	43.0	23.0	17.0
02	16.0	32.0	3.0	48.0
03	85.0	3.0	7.0	5.0
04	96.0	0.0	1.0	2.0
05	6.0	0.0	1.0	93.0
06	93.0	1.0	1.0	6.0
07	2.0	1.0	1.0	96.0
08	4.0	9.0	4.0	83.0
09	23.0	3.0	52.0	22.0
10	34.0	35.0	18.0	12.0
11	29.0	13.0	27.0	31.0
12	57.0	8.0	19.0	16.0
13	29.0	18.0	26.0	27.0
14	34.0	23.0	15.0	27.0
XX
//
AC PB0003.1
XX
ID Ascl2_1
XX
DE PB0003.1 Ascl2_1 ; From JASPAR 2018
PO	A	C	G	T
01	17.0	33.0	19.0	32.0
02	15.0	19.0	24.0	42.0
03	9.0	48.0	12.0	30.0
04	47.0	20.0	23.0	10.0
05	29.0	18.0	45.0	8.0
06	1.0	97.0	1.0	1.0
07	95.0	1.0	1.0	3.0
08	1.0	18.0	76.0	5.0
09	5.0	82.0	12.0	1.0
10	2.0	1.0	1.0	96.0
11	1.0	1.0	98.0	1.0
12	4.0	72.0	9.0	15.0
13	12.0	24.0	17.0	47.0
14	32.0	32.0	29.0	7.0
15	20.0	37.0	16.0	27.0
16	22.0	21.0	19.0	38.0
17	15.0	14.0	39.0	33.0
XX
//
AC PB0004.1
XX
ID Atf1_1
XX
DE PB0004.1 Atf1_1 ; From JASPAR 2018
PO	A	C	G	T
01	38.0	14.0	24.0	24.0
02	14.0	42.0	20.0	25.0
03	16.0	10.0	41.0	33.0
04	47.0	10.0	39.0	4.0
05	1.0	3.0	1.0	96.0
06	1.0	1.0	86.0	11.0
07	96.0	0.0	1.0	2.0
08	0.0	95.0	0.0	4.0
09	4.0	0.0	95.0	0.0
10	2.0	1.0	0.0	96.0
11	11.0	86.0	1.0	1.0
12	96.0	1.0	3.0	1.0
13	5.0	36.0	14.0	45.0
14	23.0	45.0	14.0	18.0
15	26.0	10.0	49.0	14.0
16	35.0	18.0	24.0	23.0
XX
//
AC PB0005.1
XX
ID Bbx_1
XX
DE PB0005.1 Bbx_1 ; From JASPAR 2018
PO	A	C	G	T
01	24.0	19.0	12.0	44.0
02	61.0	16.0	6.0	18.0
03	46.0	14.0	22.0	18.0
04	13.0	3.0	5.0	78.0
05	9.0	2.0	2.0	87.0
06	14.0	75.0	6.0	5.0
07	92.0	3.0	2.0	4.0
08	45.0	8.0	12.0	34.0
09	4.0	2.0	3.0	92.0
10	5.0	6.0	75.0	14.0
11	87.0	2.0	2.0	9.0
12	78.0	5.0	3.0	13.0
13	12.0	28.0	35.0	24.0
14	29.0	13.0	12.0	46.0
15	33.0	6.0	35.0	26.0
XX
//
AC PB0006.1
XX
ID Bcl6b_1
XX
DE PB0006.1 Bcl6b_1 ; From JASPAR 2018
PO	A	C	G	T
01	35.0	8.0	20.0	37.0
02	17.0	60.0	5.0	18.0
03	9.0	11.0	6.0	75.0
04	13.0	8.0	8.0	71.0
05	3.0	1.0	2.0	94.0
06	1.0	87.0	1.0	11.0
07	2.0	10.0	45.0	43.0
08	80.0	1.0	2.0	17.0
09	14.0	6.0	76.0	4.0
10	7.0	2.0	81.0	9.0
11	88.0	2.0	4.0	6.0
12	88.0	3.0	1.0	8.0
13	21.0	21.0	4.0	54.0
14	24.0	23.0	17.0	36.0
15	21.0	30.0	15.0	34.0
16	20.0	29.0	33.0	17.0
XX
//
AC PB0007.1
XX
ID Bhlhb2_1
XX
DE PB0007.1 Bhlhb2_1 ; From JASPAR 2018
PO	A	C	G	T
01	35.0	11.0	40.0	14.0
02	30.0	18.0	32.0	20.0
03	42.0	22.0	11.0	24.0
04	39.0	13.0	16.0	32.0
05	20.0	24.0	30.0	25.0
06	35.0	19.0	28.0	19.0
07	23.0	14.0	41.0	22.0
08	4.0	1.0	23.0	72.0
09	6.0	94.0	0.0	0.0
10	97.0	0.0	2.0	1.0
11	0.0	96.0	1.0	3.0
12	3.0	1.0	96.0	0.0
13	1.0	2.0	0.0	97.0
14	0.0	0.0	94.0	6.0
15	72.0	23.0	1.0	4.0
16	2.0	47.0	32.0	20.0
17	17.0	36.0	21.0	26.0
18	41.0	26.0	13.0	20.0
19	35.0	21.0	26.0	18.0
20	21.0	28.0	20.0	31.0
21	43.0	11.0	18.0	27.0
22	21.0	36.0	17.0	25.0
XX
//
AC PB0008.1
XX
ID E2F2_1
XX
DE PB0008.1 E2F2_1 ; From JASPAR 2018
PO	A	C	G	T
01	31.0	21.0	27.0	21.0
02	28.0	22.0	14.0	36.0
03	39.0	16.0	19.0	25.0
04	70.0	10.0	4.0	15.0
05	43.0	7.0	32.0	18.0
06	14.0	19.0	61.0	5.0
07	1.0	2.0	96.0	1.0
08	2.0	96.0	1.0	0.0
09	0.0	2.0	97.0	0.0
10	0.0	92.0	8.0	0.0
11	1.0	10.0	87.0	3.0
12	4.0	86.0	3.0	7.0
13	15.0	33.0	41.0	12.0
14	46.0	20.0	11.0	23.0
15	29.0	23.0	8.0	39.0
XX
//
AC PB0009.1
XX
ID E2F3_1
XX
DE PB0009.1 E2F3_1 ; From JASPAR 2018
PO	A	C	G	T
01	36.0	21.0	26.0	17.0
02	30.0	25.0	11.0	33.0
03	42.0	11.0	21.0	26.0
04	77.0	6.0	3.0	14.0
05	31.0	5.0	41.0	23.0
06	10.0	14.0	72.0	4.0
07	1.0	1.0	97.0	0.0
08	1.0	97.0	1.0	0.0
09	0.0	1.0	98.0	0.0
10	0.0	94.0	6.0	0.0
11	1.0	10.0	87.0	2.0
12	2.0	90.0	1.0	7.0
13	11.0	35.0	41.0	13.0
14	33.0	28.0	9.0	30.0
15	32.0	14.0	4.0	50.0
XX
//
AC PB0010.1
XX
ID Egr1_1
XX
DE PB0010.1 Egr1_1 ; From JASPAR 2018
PO	A	C	G	T
01	21.0	28.0	20.0	30.0
02	14.0	72.0	5.0	8.0
03	3.0	88.0	1.0	8.0
04	12.0	7.0	78.0	3.0
05	0.0	99.0	0.0	0.0
06	0.0	98.0	1.0	0.0
07	0.0	98.0	0.0	2.0
08	26.0	73.0	0.0	0.0
09	1.0	99.0	0.0	1.0
10	2.0	9.0	65.0	24.0
11	2.0	86.0	4.0	8.0
12	57.0	6.0	17.0	21.0
13	18.0	33.0	13.0	37.0
14	18.0	18.0	23.0	41.0
XX
//
AC PB0011.1
XX
ID Ehf_1
XX
DE PB0011.1 Ehf_1 ; From JASPAR 2018
PO	A	C	G	T
01	33.0	30.0	23.0	14.0
02	20.0	22.0	32.0	26.0
03	25.0	22.0	27.0	26.0
04	63.0	4.0	4.0	29.0
05	16.0	38.0	22.0	23.0
06	13.0	59.0	27.0	1.0
07	21.0	76.0	3.0	0.0
08	1.0	0.0	98.0	0.0
09	0.0	0.0	99.0	1.0
10	98.0	0.0	0.0	1.0
11	88.0	0.0	0.0	11.0
12	25.0	5.0	69.0	1.0
13	12.0	15.0	5.0	67.0
14	38.0	11.0	23.0	28.0
15	40.0	19.0	22.0	19.0
XX
//
AC PB0012.1
XX
ID Elf3_1
XX
DE PB0012.1 Elf3_1 ; From JASPAR 2018
PO	A	C	G	T
01	34.0	14.0	18.0	34.0
02	61.0	5.0	7.0	27.0
03	25.0	41.0	13.0	22.0
04	39.0	37.0	20.0	4.0
05	47.0	44.0	6.0	2.0
06	3.0	1.0	95.0	1.0
07	2.0	1.0	96.0	2.0
08	98.0	1.0	1.0	1.0
09	89.0	1.0	0.0	10.0
10	43.0	4.0	52.0	1.0
11	10.0	16.0	2.0	72.0
12	42.0	8.0	20.0	30.0
13	57.0	16.0	16.0	10.0
XX
//
AC PB0013.1
XX
ID Eomes_1
XX
DE PB0013.1 Eomes_1 ; From JASPAR 2018
PO	A	C	G	T
01	19.0	22.0	30.0	30.0
02	30.0	23.0	27.0	20.0
03	32.0	21.0	18.0	29.0
04	48.0	10.0	25.0	18.0
05	65.0	1.0	26.0	7.0
06	10.0	2.0	84.0	4.0
07	0.0	1.0	98.0	1.0
08	0.0	8.0	0.0	91.0
09	1.0	0.0	99.0	0.0
10	4.0	10.0	0.0	86.0
11	1.0	4.0	84.0	11.0
12	98.0	0.0	1.0	0.0
13	79.0	10.0	3.0	8.0
14	65.0	14.0	9.0	12.0
15	42.0	21.0	7.0	30.0
16	21.0	29.0	13.0	36.0
17	20.0	27.0	18.0	35.0
XX
//
AC PB0014.1
XX
ID Esrra_1
XX
DE PB0014.1 Esrra_1 ; From JASPAR 2018
PO	A	C	G	T
01	21.0	18.0	29.0	32.0
02	42.0	28.0	14.0	15.0
03	20.0	20.0	26.0	35.0
04	12.0	28.0	14.0	46.0
05	7.0	78.0	14.0	1.0
06	97.0	0.0	2.0	1.0
07	98.0	0.0	2.0	0.0
08	1.0	0.0	94.0	5.0
09	1.0	0.0	98.0	1.0
10	4.0	0.0	4.0	92.0
11	0.0	91.0	2.0	7.0
12	80.0	0.0	20.0	0.0
13	25.0	24.0	4.0	48.0
14	27.0	24.0	30.0	19.0
15	20.0	29.0	23.0	28.0
16	19.0	19.0	35.0	27.0
17	31.0	26.0	18.0	24.0
XX
//
AC PB0015.1
XX
ID Foxa2_1
XX
DE PB0015.1 Foxa2_1 ; From JASPAR 2018
PO	A	C	G	T
01	34.0	21.0	13.0	33.0
02	41.0	18.0	18.0	23.0
03	41.0	13.0	9.0	37.0
04	61.0	8.0	11.0	21.0
05	43.0	4.0	15.0	38.0
06	9.0	1.0	89.0	1.0
07	0.0	4.0	0.0	96.0
08	92.0	7.0	0.0	1.0
09	92.0	7.0	0.0	1.0
10	99.0	0.0	0.0	1.0
11	0.0	66.0	0.0	34.0
12	99.0	0.0	0.0	1.0
13	72.0	7.0	5.0	16.0
14	54.0	10.0	10.0	26.0
15	25.0	27.0	30.0	18.0
16	31.0	21.0	25.0	24.0
17	22.0	28.0	25.0	25.0
XX
//
AC PB0016.1
XX
ID Foxj1_1
XX
DE PB0016.1 Foxj1_1 ; From JASPAR 2018
PO	A	C	G	T
01	45.0	21.0	12.0	22.0
02	27.0	22.0	25.0	27.0
03	37.0	18.0	17.0	28.0
04	35.0	3.0	58.0	3.0
05	4.0	9.0	1.0	86.0
06	82.0	16.0	0.0	1.0
07	84.0	7.0	0.0	9.0
08	97.0	1.0	1.0	2.0
09	1.0	91.0	0.0	8.0
10	95.0	1.0	1.0	4.0
11	60.0	17.0	7.0	16.0
12	71.0	4.0	7.0	18.0
13	30.0	29.0	18.0	22.0
14	29.0	18.0	25.0	28.0
15	24.0	21.0	25.0	30.0
16	22.0	16.0	29.0	33.0
XX
//
AC PB0017.1
XX
ID Foxj3_1
XX
DE PB0017.1 Foxj3_1 ; From JASPAR 2018
PO	A	C	G	T
01	27.0	26.0	21.0	26.0
02	34.0	13.0	31.0	22.0
03	48.0	19.0	16.0	17.0
04	51.0	13.0	17.0	19.0
05	35.0	13.0	33.0	20.0
06	30.0	1.0	68.0	0.0
07	1.0	2.0	0.0	97.0
08	91.0	8.0	0.0	0.0
09	96.0	2.0	0.0	3.0
10	99.0	0.0	0.0	1.0
11	0.0	81.0	0.0	18.0
12	99.0	0.0	0.0	1.0
13	79.0	7.0	6.0	9.0
14	57.0	9.0	7.0	27.0
15	22.0	34.0	26.0	18.0
16	27.0	27.0	24.0	22.0
17	24.0	39.0	17.0	19.0
XX
//
AC PB0018.1
XX
ID Foxk1_1
XX
DE PB0018.1 Foxk1_1 ; From JASPAR 2018
PO	A	C	G	T
01	34.0	19.0	21.0	26.0
02	41.0	12.0	28.0	20.0
03	60.0	7.0	12.0	21.0
04	71.0	4.0	5.0	20.0
05	12.0	12.0	18.0	58.0
06	20.0	1.0	79.0	0.0
07	2.0	0.0	0.0	97.0
08	92.0	8.0	0.0	0.0
09	97.0	1.0	0.0	2.0
10	99.0	0.0	0.0	0.0
11	0.0	89.0	0.0	11.0
12	99.0	0.0	0.0	0.0
13	80.0	6.0	2.0	11.0
14	56.0	9.0	10.0	24.0
15	27.0	30.0	29.0	14.0
16	34.0	22.0	25.0	19.0
17	15.0	27.0	32.0	25.0
XX
//
AC PB0019.1
XX
ID Foxl1_1
XX
DE PB0019.1 Foxl1_1 ; From JASPAR 2018
PO	A	C	G	T
01	32.0	15.0	19.0	34.0
02	43.0	6.0	10.0	42.0
03	66.0	4.0	4.0	26.0
04	65.0	5.0	8.0	22.0
05	21.0	8.0	7.0	64.0
06	34.0	0.0	65.0	1.0
07	2.0	0.0	0.0	98.0
08	95.0	5.0	0.0	0.0
09	99.0	0.0	0.0	1.0
10	99.0	0.0	1.0	0.0
11	0.0	78.0	0.0	21.0
12	99.0	0.0	0.0	1.0
13	80.0	4.0	2.0	14.0
14	53.0	9.0	11.0	27.0
15	21.0	27.0	37.0	15.0
16	28.0	22.0	34.0	16.0
17	15.0	25.0	29.0	31.0
XX
//
AC PB0020.1
XX
ID Gabpa_1
XX
DE PB0020.1 Gabpa_1 ; From JASPAR 2018
PO	A	C	G	T
01	35.0	36.0	12.0	17.0
02	29.0	29.0	24.0	18.0
03	44.0	20.0	12.0	24.0
04	29.0	16.0	15.0	40.0
05	78.0	3.0	14.0	5.0
06	2.0	94.0	4.0	0.0
07	4.0	95.0	1.0	0.0
08	0.0	0.0	99.0	0.0
09	0.0	0.0	99.0	0.0
10	99.0	0.0	0.0	1.0
11	90.0	0.0	0.0	10.0
12	22.0	2.0	75.0	0.0
13	2.0	13.0	1.0	83.0
14	20.0	18.0	36.0	26.0
15	25.0	26.0	20.0	29.0
16	32.0	20.0	20.0	28.0
17	28.0	25.0	25.0	22.0
XX
//
AC PB0021.1
XX
ID Gata3_1
XX
DE PB0021.1 Gata3_1 ; From JASPAR 2018
PO	A	C	G	T
01	15.0	26.0	26.0	33.0
02	22.0	11.0	28.0	39.0
03	30.0	14.0	13.0	43.0
04	27.0	11.0	27.0	35.0
05	27.0	9.0	22.0	42.0
06	62.0	9.0	17.0	12.0
07	20.0	11.0	41.0	29.0
08	80.0	5.0	0.0	15.0
09	0.0	0.0	99.0	0.0
10	99.0	0.0	0.0	0.0
11	1.0	0.0	0.0	99.0
12	95.0	1.0	0.0	4.0
13	97.0	0.0	0.0	2.0
14	4.0	11.0	83.0	2.0
15	74.0	13.0	11.0	2.0
16	42.0	11.0	32.0	16.0
17	38.0	17.0	16.0	30.0
18	14.0	20.0	21.0	45.0
19	32.0	12.0	25.0	31.0
20	46.0	21.0	16.0	17.0
21	38.0	19.0	31.0	12.0
22	22.0	16.0	38.0	24.0
XX
//
AC PB0022.1
XX
ID Gata5_1
XX
DE PB0022.1 Gata5_1 ; From JASPAR 2018
PO	A	C	G	T
01	33.0	19.0	11.0	37.0
02	40.0	14.0	17.0	29.0
03	39.0	15.0	18.0	28.0
04	41.0	13.0	26.0	20.0
05	6.0	63.0	12.0	19.0
06	18.0	8.0	0.0	74.0
07	0.0	0.0	99.0	0.0
08	99.0	0.0	0.0	0.0
09	1.0	0.0	0.0	99.0
10	96.0	1.0	0.0	3.0
11	97.0	1.0	1.0	2.0
12	5.0	15.0	78.0	3.0
13	49.0	13.0	34.0	5.0
14	42.0	18.0	27.0	13.0
15	23.0	20.0	33.0	25.0
16	48.0	14.0	16.0	22.0
17	23.0	22.0	23.0	32.0
XX
//
AC PB0023.1
XX
ID Gata6_1
XX
DE PB0023.1 Gata6_1 ; From JASPAR 2018
PO	A	C	G	T
01	35.0	10.0	16.0	38.0
02	38.0	24.0	16.0	22.0
03	30.0	17.0	22.0	31.0
04	38.0	28.0	19.0	14.0
05	22.0	15.0	31.0	31.0
06	55.0	11.0	0.0	34.0
07	0.0	0.0	99.0	1.0
08	99.0	0.0	0.0	1.0
09	0.0	1.0	0.0	99.0
10	89.0	0.0	0.0	11.0
11	94.0	1.0	1.0	4.0
12	3.0	22.0	72.0	3.0
13	52.0	24.0	20.0	4.0
14	39.0	12.0	25.0	24.0
15	21.0	13.0	18.0	48.0
16	22.0	21.0	17.0	39.0
17	27.0	22.0	34.0	17.0
XX
//
AC PB0024.1
XX
ID Gcm1_1
XX
DE PB0024.1 Gcm1_1 ; From JASPAR 2018
PO	A	C	G	T
01	25.0	21.0	18.0	36.0
02	32.0	33.0	21.0	14.0
03	31.0	28.0	33.0	9.0
04	28.0	17.0	17.0	38.0
05	73.0	3.0	21.0	2.0
06	1.0	99.0	0.0	0.0
07	1.0	99.0	0.0	0.0
08	4.0	94.0	0.0	2.0
09	2.0	6.0	90.0	2.0
10	0.0	79.0	3.0	19.0
11	98.0	0.0	1.0	1.0
12	1.0	11.0	7.0	81.0
13	25.0	31.0	25.0	19.0
14	28.0	21.0	25.0	26.0
15	26.0	27.0	14.0	32.0
16	23.0	21.0	27.0	29.0
XX
//
AC PB0025.1
XX
ID Glis2_1
XX
DE PB0025.1 Glis2_1 ; From JASPAR 2018
PO	A	C	G	T
01	14.0	31.0	13.0	42.0
02	38.0	15.0	13.0	35.0
03	33.0	17.0	16.0	34.0
04	24.0	27.0	26.0	23.0
05	1.0	7.0	77.0	14.0
06	83.0	11.0	6.0	1.0
07	1.0	97.0	1.0	1.0
08	1.0	98.0	1.0	1.0
09	2.0	96.0	0.0	2.0
10	1.0	97.0	0.0	1.0
11	9.0	81.0	0.0	11.0
12	10.0	76.0	1.0	13.0
13	49.0	18.0	17.0	16.0
14	16.0	33.0	19.0	32.0
15	48.0	9.0	27.0	15.0
16	27.0	9.0	36.0	28.0
XX
//
AC PB0026.1
XX
ID Gm397_1
XX
DE PB0026.1 Gm397_1 ; From JASPAR 2018
PO	A	C	G	T
01	25.0	32.0	20.0	23.0
02	33.0	19.0	18.0	29.0
03	25.0	12.0	33.0	30.0
04	58.0	10.0	13.0	19.0
05	18.0	1.0	4.0	77.0
06	1.0	2.0	96.0	0.0
07	0.0	3.0	0.0	96.0
08	6.0	0.0	93.0	0.0
09	0.0	93.0	0.0	6.0
10	96.0	0.0	3.0	0.0
11	0.0	96.0	2.0	1.0
12	77.0	4.0	1.0	18.0
13	3.0	26.0	13.0	59.0
14	59.0	29.0	4.0	9.0
15	27.0	53.0	3.0	17.0
16	21.0	10.0	37.0	31.0
17	22.0	29.0	14.0	34.0
XX
//
AC PB0027.1
XX
ID Gmeb1_1
XX
DE PB0027.1 Gmeb1_1 ; From JASPAR 2018
PO	A	C	G	T
01	17.0	26.0	35.0	22.0
02	34.0	31.0	15.0	20.0
03	11.0	23.0	35.0	31.0
04	13.0	22.0	29.0	36.0
05	13.0	7.0	40.0	40.0
06	5.0	4.0	33.0	59.0
07	71.0	1.0	28.0	0.0
08	0.0	99.0	0.0	1.0
09	1.0	0.0	99.0	0.0
10	0.0	28.0	1.0	71.0
11	59.0	33.0	4.0	5.0
12	40.0	40.0	7.0	13.0
13	21.0	23.0	37.0	19.0
14	44.0	15.0	18.0	24.0
15	18.0	26.0	23.0	33.0
16	27.0	21.0	31.0	20.0
17	24.0	25.0	27.0	24.0
XX
//
AC PB0028.1
XX
ID Hbp1_1
XX
DE PB0028.1 Hbp1_1 ; From JASPAR 2018
PO	A	C	G	T
01	35.0	18.0	16.0	32.0
02	24.0	30.0	23.0	23.0
03	30.0	18.0	19.0	33.0
04	41.0	14.0	10.0	34.0
05	3.0	2.0	0.0	94.0
06	2.0	33.0	64.0	1.0
07	97.0	0.0	1.0	2.0
08	97.0	0.0	0.0	2.0
09	1.0	0.0	0.0	98.0
10	1.0	2.0	93.0	4.0
11	76.0	0.0	23.0	1.0
12	87.0	4.0	7.0	2.0
13	11.0	11.0	4.0	73.0
14	19.0	15.0	44.0	22.0
15	37.0	15.0	26.0	22.0
16	22.0	26.0	24.0	28.0
XX
//
AC PB0029.1
XX
ID Hic1_1
XX
DE PB0029.1 Hic1_1 ; From JASPAR 2018
PO	A	C	G	T
01	28.0	21.0	25.0	26.0
02	14.0	33.0	22.0	32.0
03	15.0	24.0	27.0	34.0
04	66.0	1.0	32.0	2.0
05	0.0	0.0	0.0	99.0
06	4.0	0.0	96.0	0.0
07	0.0	97.0	2.0	0.0
08	0.0	99.0	0.0	0.0
09	92.0	7.0	0.0	1.0
10	58.0	21.0	12.0	9.0
11	1.0	93.0	3.0	4.0
12	3.0	80.0	5.0	12.0
13	20.0	19.0	17.0	44.0
14	40.0	15.0	29.0	15.0
15	20.0	41.0	15.0	24.0
16	24.0	33.0	14.0	28.0
XX
//
AC PB0030.1
XX
ID Hnf4a_1
XX
DE PB0030.1 Hnf4a_1 ; From JASPAR 2018
PO	A	C	G	T
01	22.0	28.0	25.0	24.0
02	20.0	19.0	27.0	34.0
03	15.0	32.0	21.0	32.0
04	27.0	30.0	24.0	18.0
05	44.0	33.0	2.0	21.0
06	13.0	3.0	83.0	1.0
07	14.0	0.0	85.0	0.0
08	0.0	0.0	99.0	1.0
09	0.0	0.0	88.0	11.0
10	0.0	0.0	2.0	98.0
11	0.0	98.0	0.0	2.0
12	88.0	9.0	3.0	0.0
13	74.0	11.0	8.0	8.0
14	16.0	32.0	18.0	34.0
15	23.0	18.0	16.0	44.0
16	23.0	19.0	33.0	25.0
17	32.0	31.0	20.0	17.0
XX
//
AC PB0031.1
XX
ID Hoxa3_1
XX
DE PB0031.1 Hoxa3_1 ; From JASPAR 2018
PO	A	C	G	T
01	23.0	19.0	23.0	34.0
02	13.0	24.0	32.0	31.0
03	12.0	18.0	54.0	16.0
04	43.0	21.0	13.0	24.0
05	21.0	10.0	55.0	14.0
06	12.0	29.0	34.0	25.0
07	1.0	5.0	0.0	94.0
08	94.0	6.0	0.0	0.0
09	99.0	0.0	0.0	0.0
10	0.0	0.0	0.0	99.0
11	0.0	0.0	5.0	95.0
12	96.0	0.0	4.0	0.0
13	43.0	19.0	33.0	5.0
14	11.0	46.0	16.0	26.0
XX
//
AC PB0032.1
XX
ID IRC900814_1
XX
DE PB0032.1 IRC900814_1 ; From JASPAR 2018
PO	A	C	G	T
01	37.0	14.0	17.0	32.0
02	27.0	19.0	25.0	28.0
03	16.0	33.0	10.0	41.0
04	8.0	21.0	10.0	61.0
05	95.0	2.0	1.0	2.0
06	0.0	99.0	0.0	0.0
07	0.0	0.0	99.0	0.0
08	94.0	0.0	5.0	1.0
09	18.0	76.0	3.0	2.0
10	92.0	0.0	7.0	1.0
11	97.0	1.0	1.0	2.0
12	73.0	5.0	1.0	21.0
13	27.0	13.0	7.0	53.0
14	33.0	21.0	22.0	24.0
15	25.0	20.0	31.0	24.0
16	17.0	40.0	19.0	24.0
XX
//
AC PB0033.1
XX
ID Irf3_1
XX
DE PB0033.1 Irf3_1 ; From JASPAR 2018
PO	A	C	G	T
01	18.0	24.0	34.0	24.0
02	50.0	10.0	24.0	16.0
03	44.0	2.0	49.0	4.0
04	76.0	2.0	9.0	13.0
05	81.0	3.0	2.0	14.0
06	31.0	32.0	10.0	27.0
07	5.0	48.0	43.0	4.0
08	5.0	1.0	93.0	1.0
09	79.0	10.0	10.0	1.0
10	85.0	2.0	1.0	12.0
11	89.0	5.0	1.0	5.0
12	5.0	78.0	12.0	5.0
13	10.0	40.0	9.0	41.0
14	29.0	15.0	41.0	15.0
XX
//
AC PB0034.1
XX
ID Irf4_1
XX
DE PB0034.1 Irf4_1 ; From JASPAR 2018
PO	A	C	G	T
01	30.0	39.0	16.0	14.0
02	26.0	11.0	47.0	16.0
03	31.0	8.0	17.0	44.0
04	66.0	4.0	5.0	24.0
05	18.0	28.0	7.0	47.0
06	1.0	89.0	1.0	9.0
07	1.0	0.0	98.0	0.0
08	99.0	1.0	1.0	0.0
09	93.0	0.0	0.0	6.0
10	99.0	0.0	0.0	1.0
11	2.0	95.0	3.0	1.0
12	3.0	57.0	2.0	38.0
13	40.0	13.0	32.0	15.0
14	33.0	28.0	20.0	20.0
15	51.0	14.0	17.0	19.0
XX
//
AC PB0035.1
XX
ID Irf5_1
XX
DE PB0035.1 Irf5_1 ; From JASPAR 2018
PO	A	C	G	T
01	34.0	19.0	19.0	27.0
02	28.0	19.0	20.0	33.0
03	36.0	16.0	28.0	20.0
04	50.0	7.0	17.0	26.0
05	83.0	2.0	9.0	6.0
06	14.0	43.0	4.0	38.0
07	2.0	94.0	0.0	4.0
08	1.0	0.0	98.0	0.0
09	99.0	0.0	1.0	0.0
10	89.0	0.0	1.0	10.0
11	99.0	0.0	0.0	0.0
12	1.0	97.0	1.0	0.0
13	2.0	53.0	1.0	44.0
14	46.0	12.0	24.0	18.0
15	39.0	22.0	23.0	15.0
XX
//
AC PB0036.1
XX
ID Irf6_1
XX
DE PB0036.1 Irf6_1 ; From JASPAR 2018
PO	A	C	G	T
01	26.0	36.0	15.0	23.0
02	31.0	14.0	19.0	36.0
03	26.0	13.0	35.0	26.0
04	67.0	5.0	21.0	7.0
05	20.0	34.0	11.0	35.0
06	3.0	91.0	1.0	6.0
07	2.0	0.0	98.0	0.0
08	98.0	1.0	1.0	0.0
09	70.0	0.0	1.0	29.0
10	99.0	0.0	0.0	0.0
11	1.0	98.0	1.0	0.0
12	2.0	61.0	2.0	35.0
13	54.0	13.0	24.0	10.0
14	46.0	21.0	18.0	16.0
15	37.0	19.0	20.0	24.0
16	22.0	20.0	30.0	28.0
17	28.0	19.0	24.0	30.0
XX
//
AC PB0037.1
XX
ID Isgf3g_1
XX
DE PB0037.1 Isgf3g_1 ; From JASPAR 2018
PO	A	C	G	T
01	28.0	31.0	21.0	20.0
02	40.0	11.0	25.0	24.0
03	46.0	9.0	33.0	11.0
04	78.0	2.0	6.0	15.0
05	86.0	3.0	2.0	9.0
06	32.0	13.0	11.0	43.0
07	3.0	82.0	3.0	12.0
08	4.0	1.0	95.0	1.0
09	96.0	2.0	1.0	1.0
10	94.0	0.0	1.0	4.0
11	96.0	1.0	0.0	2.0
12	3.0	88.0	8.0	1.0
13	3.0	29.0	1.0	66.0
14	37.0	17.0	23.0	24.0
15	80.0	7.0	5.0	7.0
XX
//
AC PB0038.1
XX
ID Jundm2_1
XX
DE PB0038.1 Jundm2_1 ; From JASPAR 2018
PO	A	C	G	T
01	21.0	31.0	24.0	23.0
02	13.0	45.0	25.0	17.0
03	13.0	14.0	53.0	20.0
04	57.0	14.0	24.0	5.0
05	0.0	2.0	0.0	98.0
06	0.0	1.0	84.0	15.0
07	97.0	0.0	1.0	2.0
08	0.0	90.0	0.0	9.0
09	9.0	0.0	90.0	0.0
10	2.0	1.0	0.0	97.0
11	15.0	84.0	1.0	0.0
12	98.0	0.0	2.0	0.0
13	1.0	32.0	4.0	63.0
14	17.0	55.0	12.0	16.0
15	26.0	17.0	43.0	14.0
16	23.0	27.0	17.0	34.0
XX
//
AC PB0039.1
XX
ID Klf7_1
XX
DE PB0039.1 Klf7_1 ; From JASPAR 2018
PO	A	C	G	T
01	20.0	20.0	17.0	43.0
02	17.0	30.0	25.0	29.0
03	27.0	15.0	40.0	19.0
04	55.0	6.0	34.0	5.0
05	5.0	90.0	2.0	3.0
06	4.0	92.0	1.0	3.0
07	41.0	57.0	2.0	1.0
08	1.0	98.0	0.0	1.0
09	20.0	0.0	75.0	5.0
10	0.0	99.0	0.0	0.0
11	0.0	99.0	0.0	0.0
12	0.0	93.0	0.0	7.0
13	26.0	42.0	2.0	29.0
14	18.0	25.0	9.0	48.0
15	35.0	20.0	14.0	32.0
16	26.0	17.0	24.0	34.0
XX
//
AC PB0040.1
XX
ID Lef1_1
XX
DE PB0040.1 Lef1_1 ; From JASPAR 2018
PO	A	C	G	T
01	28.0	21.0	28.0	23.0
02	33.0	15.0	30.0	22.0
03	29.0	15.0	24.0	32.0
04	7.0	40.0	14.0	38.0
05	7.0	62.0	14.0	17.0
06	1.0	91.0	4.0	5.0
07	2.0	2.0	0.0	97.0
08	1.0	1.0	0.0	99.0
09	2.0	0.0	0.0	97.0
10	1.0	3.0	95.0	2.0
11	97.0	0.0	0.0	3.0
12	8.0	0.0	0.0	92.0
13	3.0	68.0	28.0	2.0
14	20.0	12.0	6.0	62.0
15	35.0	17.0	22.0	27.0
16	28.0	15.0	17.0	40.0
17	25.0	34.0	22.0	19.0
XX
//
AC PB0041.1
XX
ID Mafb_1
XX
DE PB0041.1 Mafb_1 ; From JASPAR 2018
PO	A	C	G	T
01	42.0	18.0	16.0	24.0
02	59.0	6.0	20.0	15.0
03	65.0	2.0	5.0	27.0
04	34.0	10.0	5.0	51.0
05	17.0	8.0	27.0	48.0
06	4.0	3.0	0.0	92.0
07	1.0	0.0	97.0	1.0
08	3.0	95.0	0.0	1.0
09	2.0	1.0	0.0	97.0
10	2.0	0.0	93.0	5.0
11	98.0	1.0	1.0	1.0
12	1.0	89.0	2.0	8.0
13	26.0	11.0	24.0	39.0
14	33.0	15.0	9.0	43.0
15	54.0	11.0	24.0	11.0
16	26.0	7.0	49.0	18.0
17	31.0	31.0	17.0	22.0
XX
//
AC PB0042.1
XX
ID Mafk_1
XX
DE PB0042.1 Mafk_1 ; From JASPAR 2018
PO	A	C	G	T
01	25.0	19.0	20.0	36.0
02	49.0	8.0	16.0	28.0
03	74.0	3.0	10.0	13.0
04	68.0	3.0	6.0	23.0
05	62.0	4.0	3.0	31.0
06	39.0	10.0	12.0	38.0
07	4.0	8.0	1.0	87.0
08	2.0	1.0	93.0	3.0
09	11.0	85.0	1.0	4.0
10	5.0	3.0	1.0	91.0
11	5.0	1.0	82.0	12.0
12	92.0	2.0	2.0	5.0
13	1.0	72.0	4.0	23.0
14	15.0	10.0	9.0	66.0
15	19.0	22.0	17.0	42.0
XX
//
AC PB0043.1
XX
ID Max_1
XX
DE PB0043.1 Max_1 ; From JASPAR 2018
PO	A	C	G	T
01	23.0	15.0	30.0	31.0
02	20.0	15.0	44.0	21.0
03	58.0	27.0	8.0	7.0
04	14.0	48.0	31.0	8.0
05	2.0	97.0	0.0	0.0
06	97.0	0.0	2.0	1.0
07	0.0	91.0	1.0	8.0
08	8.0	1.0	91.0	0.0
09	1.0	2.0	0.0	97.0
10	0.0	0.0	97.0	2.0
11	15.0	24.0	39.0	22.0
12	7.0	8.0	27.0	58.0
13	19.0	35.0	25.0	22.0
14	27.0	23.0	30.0	20.0
15	16.0	11.0	48.0	25.0
16	17.0	10.0	42.0	30.0
XX
//
AC PB0044.1
XX
ID Mtf1_1
XX
DE PB0044.1 Mtf1_1 ; From JASPAR 2018
PO	A	C	G	T
01	22.0	10.0	42.0	26.0
02	15.0	21.0	42.0	21.0
03	23.0	16.0	41.0	20.0
04	17.0	40.0	9.0	34.0
05	3.0	93.0	2.0	2.0
06	1.0	0.0	98.0	1.0
07	4.0	2.0	4.0	89.0
08	1.0	1.0	97.0	1.0
09	1.0	26.0	0.0	73.0
10	1.0	0.0	98.0	1.0
11	2.0	96.0	1.0	1.0
12	98.0	0.0	1.0	1.0
13	50.0	23.0	14.0	13.0
14	54.0	29.0	4.0	12.0
15	32.0	17.0	26.0	25.0
16	27.0	26.0	20.0	27.0
XX
//
AC PB0045.1
XX
ID Myb_1
XX
DE PB0045.1 Myb_1 ; From JASPAR 2018
PO	A	C	G	T
01	33.0	22.0	18.0	28.0
02	21.0	10.0	20.0	49.0
03	22.0	15.0	35.0	28.0
04	26.0	15.0	32.0	27.0
05	38.0	26.0	14.0	22.0
06	76.0	1.0	15.0	8.0
07	83.0	1.0	9.0	8.0
08	3.0	96.0	0.0	1.0
09	1.0	83.0	16.0	1.0
10	0.0	0.0	99.0	0.0
11	1.0	1.0	1.0	98.0
12	1.0	23.0	0.0	76.0
13	68.0	2.0	18.0	11.0
14	31.0	19.0	11.0	39.0
15	33.0	23.0	8.0	35.0
16	29.0	30.0	8.0	33.0
17	24.0	21.0	22.0	33.0
XX
//
AC PB0046.1
XX
ID Mybl1_1
XX
DE PB0046.1 Mybl1_1 ; From JASPAR 2018
PO	A	C	G	T
01	22.0	24.0	20.0	34.0
02	24.0	9.0	23.0	43.0
03	24.0	16.0	37.0	24.0
04	37.0	19.0	22.0	22.0
05	39.0	21.0	10.0	30.0
06	78.0	1.0	16.0	5.0
07	84.0	1.0	8.0	7.0
08	3.0	97.0	0.0	1.0
09	1.0	83.0	15.0	1.0
10	0.0	0.0	99.0	0.0
11	0.0	1.0	1.0	98.0
12	1.0	17.0	0.0	82.0
13	71.0	1.0	20.0	8.0
14	32.0	24.0	14.0	30.0
15	25.0	24.0	9.0	42.0
16	29.0	31.0	7.0	33.0
17	26.0	21.0	22.0	31.0
XX
//
AC PB0047.1
XX
ID Myf6_1
XX
DE PB0047.1 Myf6_1 ; From JASPAR 2018
PO	A	C	G	T
01	25.0	20.0	39.0	15.0
02	35.0	20.0	32.0	12.0
03	39.0	17.0	25.0	19.0
04	17.0	23.0	41.0	18.0
05	66.0	4.0	26.0	3.0
06	72.0	4.0	21.0	4.0
07	0.0	99.0	0.0	1.0
08	97.0	1.0	1.0	2.0
09	8.0	9.0	75.0	8.0
10	2.0	27.0	41.0	30.0
11	2.0	3.0	1.0	94.0
12	1.0	1.0	98.0	1.0
13	12.0	20.0	23.0	46.0
14	3.0	53.0	13.0	31.0
15	20.0	38.0	11.0	31.0
16	18.0	19.0	43.0	20.0
XX
//
AC PB0048.1
XX
ID Nkx3-1_1
XX
DE PB0048.1 Nkx3-1_1 ; From JASPAR 2018
PO	A	C	G	T
01	32.0	36.0	13.0	19.0
02	27.0	15.0	14.0	44.0
03	31.0	13.0	21.0	35.0
04	51.0	15.0	23.0	11.0
05	32.0	18.0	28.0	23.0
06	6.0	82.0	11.0	1.0
07	0.0	87.0	0.0	13.0
08	96.0	0.0	0.0	4.0
09	3.0	96.0	0.0	0.0
10	0.0	0.0	0.0	99.0
11	0.0	5.0	0.0	95.0
12	93.0	1.0	1.0	6.0
13	75.0	5.0	10.0	11.0
14	21.0	34.0	35.0	10.0
15	24.0	24.0	28.0	24.0
16	49.0	17.0	21.0	12.0
17	18.0	25.0	25.0	32.0
XX
//
AC PB0049.1
XX
ID Nr2f2_1
XX
DE PB0049.1 Nr2f2_1 ; From JASPAR 2018
PO	A	C	G	T
01	25.0	18.0	27.0	29.0
02	26.0	38.0	15.0	20.0
03	14.0	24.0	24.0	37.0
04	25.0	34.0	18.0	24.0
05	86.0	4.0	5.0	6.0
06	80.0	1.0	18.0	1.0
07	81.0	0.0	19.0	0.0
08	0.0	0.0	99.0	1.0
09	0.0	0.0	97.0	2.0
10	0.0	0.0	2.0	98.0
11	0.0	96.0	1.0	4.0
12	93.0	0.0	7.0	0.0
13	31.0	33.0	8.0	29.0
14	24.0	25.0	38.0	13.0
15	28.0	23.0	23.0	26.0
16	21.0	21.0	36.0	21.0
XX
//
AC PB0050.1
XX
ID Osr1_1
XX
DE PB0050.1 Osr1_1 ; From JASPAR 2018
PO	A	C	G	T
01	26.0	25.0	22.0	26.0
02	24.0	23.0	19.0	34.0
03	26.0	19.0	24.0	31.0
04	32.0	17.0	16.0	35.0
05	82.0	12.0	3.0	3.0
06	1.0	97.0	0.0	2.0
07	66.0	0.0	34.0	0.0
08	0.0	0.0	99.0	0.0
09	5.0	0.0	1.0	94.0
10	97.0	0.0	2.0	0.0
11	1.0	0.0	99.0	0.0
12	0.0	92.0	1.0	7.0
13	45.0	16.0	11.0	28.0
14	39.0	30.0	19.0	12.0
15	36.0	21.0	18.0	25.0
16	42.0	11.0	29.0	18.0
XX
//
AC PB0051.1
XX
ID Osr2_1
XX
DE PB0051.1 Osr2_1 ; From JASPAR 2018
PO	A	C	G	T
01	30.0	23.0	18.0	30.0
02	29.0	19.0	19.0	34.0
03	29.0	24.0	33.0	15.0
04	26.0	19.0	8.0	46.0
05	84.0	12.0	2.0	2.0
06	1.0	98.0	0.0	1.0
07	66.0	0.0	34.0	0.0
08	0.0	0.0	99.0	0.0
09	4.0	0.0	1.0	95.0
10	98.0	0.0	2.0	0.0
11	0.0	0.0	99.0	0.0
12	0.0	95.0	1.0	4.0
13	34.0	23.0	13.0	29.0
14	34.0	32.0	17.0	17.0
15	36.0	18.0	15.0	31.0
16	27.0	14.0	44.0	16.0
XX
//
AC PB0052.1
XX
ID Plagl1_1
XX
DE PB0052.1 Plagl1_1 ; From JASPAR 2018
PO	A	C	G	T
01	12.0	24.0	30.0	34.0
02	24.0	28.0	19.0	29.0
03	20.0	15.0	47.0	18.0
04	19.0	11.0	51.0	18.0
05	5.0	4.0	84.0	7.0
06	13.0	0.0	85.0	2.0
07	0.0	1.0	96.0	3.0
08	0.0	65.0	34.0	0.0
09	0.0	34.0	65.0	0.0
10	3.0	96.0	1.0	0.0
11	2.0	85.0	0.0	13.0
12	7.0	84.0	4.0	5.0
13	19.0	54.0	6.0	20.0
14	21.0	23.0	26.0	30.0
15	38.0	19.0	26.0	17.0
16	23.0	26.0	30.0	21.0
XX
//
AC PB0053.1
XX
ID Rara_1
XX
DE PB0053.1 Rara_1 ; From JASPAR 2018
PO	A	C	G	T
01	22.0	18.0	27.0	33.0
02	28.0	36.0	12.0	25.0
03	11.0	27.0	23.0	39.0
04	24.0	41.0	15.0	20.0
05	85.0	5.0	4.0	6.0
06	81.0	1.0	17.0	1.0
07	91.0	1.0	9.0	0.0
08	0.0	0.0	99.0	1.0
09	0.0	0.0	90.0	10.0
10	0.0	0.0	1.0	99.0
11	0.0	98.0	1.0	2.0
12	96.0	0.0	3.0	0.0
13	18.0	52.0	8.0	22.0
14	18.0	38.0	31.0	12.0
15	23.0	23.0	22.0	32.0
16	22.0	17.0	37.0	24.0
XX
//
AC PB0054.1
XX
ID Rfx3_1
XX
DE PB0054.1 Rfx3_1 ; From JASPAR 2018
PO	A	C	G	T
01	22.0	23.0	15.0	40.0
02	26.0	13.0	32.0	29.0
03	12.0	19.0	17.0	52.0
04	11.0	28.0	41.0	20.0
05	34.0	31.0	12.0	22.0
06	19.0	37.0	16.0	28.0
07	17.0	58.0	13.0	12.0
08	1.0	93.0	5.0	2.0
09	26.0	29.0	13.0	33.0
10	0.0	1.0	0.0	98.0
11	85.0	1.0	14.0	0.0
12	4.0	0.0	96.0	0.0
13	1.0	92.0	0.0	7.0
14	94.0	0.0	4.0	1.0
15	99.0	0.0	0.0	0.0
16	0.0	99.0	0.0	1.0
17	21.0	37.0	32.0	10.0
18	32.0	19.0	37.0	12.0
19	33.0	18.0	23.0	27.0
20	30.0	19.0	13.0	38.0
21	30.0	27.0	10.0	34.0
22	42.0	19.0	13.0	26.0
23	39.0	20.0	13.0	28.0
XX
//
AC PB0055.1
XX
ID Rfx4_1
XX
DE PB0055.1 Rfx4_1 ; From JASPAR 2018
PO	A	C	G	T
01	14.0	32.0	21.0	33.0
02	36.0	28.0	14.0	22.0
03	17.0	56.0	18.0	9.0
04	0.0	96.0	3.0	1.0
05	40.0	25.0	12.0	23.0
06	0.0	1.0	0.0	98.0
07	77.0	1.0	22.0	0.0
08	4.0	0.0	95.0	0.0
09	1.0	95.0	0.0	4.0
10	96.0	0.0	3.0	1.0
11	99.0	0.0	1.0	0.0
12	0.0	99.0	0.0	1.0
13	11.0	35.0	46.0	7.0
14	28.0	18.0	37.0	16.0
15	28.0	18.0	22.0	32.0
XX
//
AC PB0056.1
XX
ID Rfxdc2_1
XX
DE PB0056.1 Rfxdc2_1 ; From JASPAR 2018
PO	A	C	G	T
01	19.0	31.0	21.0	29.0
02	14.0	43.0	19.0	24.0
03	26.0	28.0	36.0	10.0
04	1.0	86.0	10.0	3.0
05	37.0	24.0	15.0	24.0
06	1.0	11.0	0.0	88.0
07	84.0	1.0	14.0	0.0
08	3.0	0.0	96.0	1.0
09	1.0	85.0	0.0	14.0
10	93.0	0.0	5.0	1.0
11	98.0	1.0	1.0	0.0
12	0.0	99.0	0.0	1.0
13	11.0	31.0	55.0	3.0
14	28.0	18.0	41.0	13.0
15	31.0	19.0	28.0	22.0
XX
//
AC PB0057.1
XX
ID Rxra_1
XX
DE PB0057.1 Rxra_1 ; From JASPAR 2018
PO	A	C	G	T
01	24.0	22.0	24.0	31.0
02	14.0	28.0	34.0	23.0
03	26.0	26.0	19.0	29.0
04	12.0	41.0	22.0	25.0
05	22.0	8.0	37.0	34.0
06	0.0	5.0	0.0	95.0
07	3.0	1.0	96.0	0.0
08	99.0	1.0	0.0	0.0
09	11.0	89.0	0.0	0.0
10	1.0	99.0	0.0	0.0
11	0.0	77.0	0.0	23.0
12	1.0	85.0	3.0	11.0
13	33.0	4.0	27.0	37.0
14	21.0	26.0	15.0	38.0
15	39.0	18.0	30.0	14.0
16	40.0	27.0	10.0	23.0
17	20.0	23.0	21.0	35.0
XX
//
AC PB0058.1
XX
ID Sfpi1_1
XX
DE PB0058.1 Sfpi1_1 ; From JASPAR 2018
PO	A	C	G	T
01	21.0	27.0	23.0	28.0
02	30.0	10.0	29.0	31.0
03	59.0	5.0	15.0	20.0
04	46.0	5.0	17.0	32.0
05	19.0	16.0	59.0	6.0
06	40.0	29.0	29.0	2.0
07	5.0	0.0	95.0	0.0
08	0.0	0.0	99.0	0.0
09	97.0	0.0	0.0	2.0
10	94.0	0.0	0.0	6.0
11	5.0	27.0	67.0	1.0
12	6.0	9.0	3.0	83.0
13	30.0	12.0	27.0	31.0
14	28.0	28.0	22.0	23.0
XX
//
AC PB0059.1
XX
ID Six6_1
XX
DE PB0059.1 Six6_1 ; From JASPAR 2018
PO	A	C	G	T
01	32.0	16.0	29.0	23.0
02	40.0	17.0	11.0	32.0
03	36.0	6.0	18.0	40.0
04	38.0	15.0	34.0	14.0
05	12.0	3.0	82.0	3.0
06	2.0	2.0	92.0	3.0
07	15.0	1.0	84.0	0.0
08	0.0	0.0	5.0	95.0
09	97.0	0.0	3.0	0.0
10	0.0	0.0	0.0	99.0
11	1.0	97.0	0.0	2.0
12	94.0	1.0	3.0	2.0
13	26.0	32.0	8.0	34.0
14	35.0	17.0	18.0	30.0
15	24.0	14.0	14.0	48.0
16	35.0	22.0	17.0	26.0
17	18.0	21.0	17.0	43.0
XX
//
AC PB0060.1
XX
ID Smad3_1
XX
DE PB0060.1 Smad3_1 ; From JASPAR 2018
PO	A	C	G	T
01	28.0	41.0	11.0	19.0
02	34.0	14.0	27.0	26.0
03	40.0	17.0	17.0	26.0
04	37.0	20.0	21.0	23.0
05	24.0	18.0	22.0	35.0
06	3.0	81.0	4.0	13.0
07	0.0	82.0	4.0	14.0
08	93.0	6.0	1.0	0.0
09	1.0	0.0	99.0	0.0
10	97.0	2.0	0.0	1.0
11	1.0	98.0	0.0	0.0
12	67.0	1.0	28.0	4.0
13	13.0	17.0	33.0	36.0
14	20.0	29.0	25.0	26.0
15	42.0	19.0	16.0	22.0
16	21.0	29.0	29.0	20.0
17	37.0	29.0	15.0	19.0
XX
//
AC PB0061.1
XX
ID Sox11_1
XX
DE PB0061.1 Sox11_1 ; From JASPAR 2018
PO	A	C	G	T
01	35.0	24.0	14.0	27.0
02	20.0	24.0	28.0	29.0
03	35.0	17.0	21.0	27.0
04	48.0	11.0	17.0	23.0
05	28.0	7.0	48.0	17.0
06	86.0	4.0	8.0	1.0
07	98.0	0.0	0.0	2.0
08	1.0	98.0	1.0	1.0
09	99.0	0.0	0.0	1.0
10	99.0	1.0	0.0	0.0
11	69.0	0.0	0.0	30.0
12	19.0	0.0	80.0	1.0
13	35.0	7.0	57.0	1.0
14	54.0	18.0	19.0	9.0
15	20.0	30.0	21.0	29.0
16	29.0	20.0	18.0	33.0
17	39.0	22.0	15.0	25.0
XX
//
AC PB0062.1
XX
ID Sox12_1
XX
DE PB0062.1 Sox12_1 ; From JASPAR 2018
PO	A	C	G	T
01	12.0	23.0	11.0	53.0
02	42.0	24.0	3.0	32.0
03	84.0	0.0	1.0	14.0
04	1.0	1.0	1.0	97.0
05	2.0	0.0	1.0	97.0
06	5.0	1.0	93.0	1.0
07	2.0	0.0	1.0	97.0
08	4.0	6.0	2.0	88.0
09	23.0	42.0	18.0	17.0
10	16.0	11.0	7.0	66.0
11	29.0	26.0	20.0	25.0
12	57.0	11.0	11.0	22.0
13	42.0	15.0	9.0	34.0
14	27.0	28.0	20.0	25.0
XX
//
AC PB0063.1
XX
ID Sox13_1
XX
DE PB0063.1 Sox13_1 ; From JASPAR 2018
PO	A	C	G	T
01	27.0	12.0	17.0	44.0
02	19.0	24.0	18.0	40.0
03	37.0	14.0	16.0	33.0
04	50.0	11.0	28.0	11.0
05	13.0	9.0	62.0	16.0
06	83.0	2.0	13.0	3.0
07	96.0	1.0	1.0	2.0
08	2.0	90.0	1.0	7.0
09	94.0	1.0	1.0	4.0
10	95.0	1.0	3.0	1.0
11	4.0	3.0	1.0	93.0
12	47.0	2.0	8.0	44.0
13	42.0	9.0	12.0	38.0
14	36.0	10.0	18.0	36.0
15	21.0	20.0	12.0	47.0
16	30.0	16.0	7.0	46.0
XX
//
AC PB0064.1
XX
ID Sox14_1
XX
DE PB0064.1 Sox14_1 ; From JASPAR 2018
PO	A	C	G	T
01	19.0	14.0	36.0	30.0
02	27.0	31.0	12.0	30.0
03	22.0	22.0	19.0	38.0
04	58.0	10.0	9.0	23.0
05	90.0	3.0	1.0	5.0
06	9.0	2.0	3.0	86.0
07	19.0	2.0	2.0	77.0
08	79.0	1.0	18.0	2.0
09	2.0	18.0	1.0	79.0
10	77.0	2.0	2.0	19.0
11	86.0	3.0	2.0	9.0
12	5.0	1.0	3.0	90.0
13	37.0	10.0	13.0	40.0
14	44.0	11.0	15.0	29.0
15	26.0	8.0	32.0	34.0
16	27.0	29.0	21.0	23.0
XX
//
AC PB0065.1
XX
ID Sox15_1
XX
DE PB0065.1 Sox15_1 ; From JASPAR 2018
PO	A	C	G	T
01	29.0	14.0	12.0	45.0
02	28.0	21.0	28.0	23.0
03	20.0	17.0	34.0	29.0
04	34.0	9.0	20.0	37.0
05	22.0	7.0	49.0	23.0
06	80.0	5.0	9.0	7.0
07	93.0	1.0	1.0	5.0
08	2.0	89.0	1.0	8.0
09	96.0	1.0	1.0	2.0
10	97.0	1.0	1.0	2.0
11	9.0	2.0	1.0	89.0
12	48.0	1.0	10.0	41.0
13	30.0	10.0	46.0	13.0
14	46.0	12.0	31.0	12.0
15	21.0	24.0	22.0	33.0
16	33.0	18.0	12.0	38.0
17	19.0	19.0	19.0	43.0
XX
//
AC PB0066.1
XX
ID Sox17_1
XX
DE PB0066.1 Sox17_1 ; From JASPAR 2018
PO	A	C	G	T
01	38.0	28.0	18.0	15.0
02	31.0	15.0	18.0	36.0
03	48.0	6.0	24.0	22.0
04	77.0	8.0	8.0	8.0
05	72.0	2.0	2.0	24.0
06	2.0	86.0	4.0	9.0
07	95.0	1.0	1.0	3.0
08	97.0	0.0	1.0	2.0
09	2.0	1.0	1.0	96.0
10	18.0	2.0	8.0	72.0
11	39.0	17.0	35.0	9.0
12	69.0	9.0	8.0	15.0
13	42.0	10.0	6.0	42.0
14	27.0	31.0	12.0	30.0
15	39.0	12.0	18.0	31.0
XX
//
AC PB0067.1
XX
ID Sox18_1
XX
DE PB0067.1 Sox18_1 ; From JASPAR 2018
PO	A	C	G	T
01	17.0	24.0	19.0	40.0
02	37.0	13.0	12.0	39.0
03	15.0	33.0	21.0	30.0
04	41.0	29.0	2.0	28.0
05	93.0	1.0	1.0	6.0
06	2.0	1.0	1.0	96.0
07	2.0	0.0	1.0	97.0
08	11.0	3.0	84.0	2.0
09	5.0	1.0	2.0	92.0
10	11.0	8.0	5.0	76.0
11	21.0	28.0	25.0	26.0
12	23.0	14.0	8.0	55.0
13	37.0	28.0	17.0	18.0
14	48.0	10.0	18.0	25.0
15	38.0	28.0	14.0	21.0
16	35.0	24.0	15.0	26.0
XX
//
AC PB0068.1
XX
ID Sox1_1
XX
DE PB0068.1 Sox1_1 ; From JASPAR 2018
PO	A	C	G	T
01	34.0	23.0	9.0	34.0
02	38.0	16.0	18.0	29.0
03	21.0	18.0	23.0	38.0
04	14.0	46.0	11.0	29.0
05	67.0	10.0	3.0	20.0
06	90.0	3.0	2.0	6.0
07	6.0	3.0	2.0	89.0
08	13.0	2.0	3.0	82.0
09	6.0	67.0	24.0	3.0
10	90.0	3.0	2.0	5.0
11	59.0	7.0	5.0	29.0
12	16.0	7.0	5.0	72.0
13	50.0	12.0	15.0	24.0
14	36.0	27.0	17.0	21.0
15	30.0	11.0	28.0	31.0
16	14.0	16.0	32.0	38.0
XX
//
AC PB0069.1
XX
ID Sox21_1
XX
DE PB0069.1 Sox21_1 ; From JASPAR 2018
PO	A	C	G	T
01	25.0	25.0	14.0	36.0
02	34.0	20.0	11.0	35.0
03	21.0	21.0	18.0	40.0
04	38.0	18.0	16.0	27.0
05	85.0	2.0	2.0	10.0
06	12.0	3.0	3.0	82.0
07	24.0	2.0	2.0	73.0
08	82.0	2.0	12.0	4.0
09	4.0	12.0	2.0	82.0
10	73.0	2.0	2.0	24.0
11	82.0	3.0	3.0	12.0
12	10.0	2.0	2.0	85.0
13	36.0	8.0	12.0	43.0
14	40.0	7.0	26.0	27.0
15	39.0	8.0	21.0	31.0
16	24.0	15.0	33.0	29.0
XX
//
AC PB0070.1
XX
ID Sox30_1
XX
DE PB0070.1 Sox30_1 ; From JASPAR 2018
PO	A	C	G	T
01	37.0	10.0	32.0	20.0
02	33.0	18.0	16.0	33.0
03	29.0	8.0	29.0	33.0
04	16.0	23.0	44.0	17.0
05	72.0	5.0	20.0	3.0
06	96.0	0.0	0.0	4.0
07	0.0	86.0	1.0	12.0
08	98.0	1.0	0.0	1.0
09	98.0	0.0	2.0	0.0
10	7.0	0.0	1.0	92.0
11	16.0	11.0	47.0	27.0
12	33.0	9.0	51.0	6.0
13	46.0	18.0	15.0	21.0
14	39.0	24.0	15.0	22.0
15	19.0	27.0	18.0	37.0
16	18.0	24.0	17.0	41.0
XX
//
AC PB0071.1
XX
ID Sox4_1
XX
DE PB0071.1 Sox4_1 ; From JASPAR 2018
PO	A	C	G	T
01	43.0	23.0	12.0	22.0
02	20.0	24.0	30.0	26.0
03	30.0	16.0	29.0	25.0
04	43.0	15.0	20.0	22.0
05	26.0	8.0	48.0	19.0
06	84.0	5.0	10.0	1.0
07	98.0	0.0	0.0	1.0
08	0.0	98.0	1.0	1.0
09	99.0	0.0	0.0	1.0
10	99.0	0.0	0.0	0.0
11	77.0	0.0	0.0	22.0
12	24.0	0.0	76.0	0.0
13	37.0	9.0	53.0	1.0
14	48.0	20.0	24.0	8.0
15	19.0	36.0	22.0	24.0
16	25.0	23.0	16.0	36.0
17	40.0	18.0	16.0	25.0
XX
//
AC PB0072.1
XX
ID Sox5_1
XX
DE PB0072.1 Sox5_1 ; From JASPAR 2018
PO	A	C	G	T
01	31.0	13.0	17.0	39.0
02	26.0	20.0	15.0	40.0
03	26.0	12.0	26.0	36.0
04	45.0	9.0	29.0	17.0
05	15.0	9.0	63.0	13.0
06	83.0	3.0	13.0	2.0
07	98.0	0.0	1.0	1.0
08	1.0	94.0	1.0	5.0
09	97.0	0.0	1.0	2.0
10	97.0	0.0	1.0	1.0
11	3.0	1.0	0.0	95.0
12	49.0	2.0	9.0	41.0
13	45.0	10.0	24.0	20.0
14	43.0	11.0	22.0	23.0
15	33.0	25.0	9.0	32.0
16	33.0	11.0	18.0	37.0
XX
//
AC PB0073.1
XX
ID Sox7_1
XX
DE PB0073.1 Sox7_1 ; From JASPAR 2018
PO	A	C	G	T
01	36.0	30.0	12.0	22.0
02	31.0	23.0	17.0	30.0
03	15.0	18.0	24.0	43.0
04	38.0	10.0	28.0	25.0
05	39.0	17.0	13.0	30.0
06	44.0	7.0	21.0	27.0
07	36.0	7.0	37.0	19.0
08	79.0	4.0	9.0	8.0
09	96.0	0.0	0.0	3.0
10	0.0	95.0	1.0	3.0
11	98.0	0.0	0.0	1.0
12	99.0	0.0	1.0	0.0
13	6.0	0.0	0.0	93.0
14	50.0	2.0	24.0	24.0
15	31.0	9.0	53.0	7.0
16	42.0	20.0	16.0	23.0
17	34.0	22.0	19.0	25.0
18	19.0	30.0	17.0	34.0
19	24.0	14.0	13.0	49.0
20	29.0	27.0	12.0	32.0
21	22.0	30.0	23.0	25.0
22	49.0	17.0	8.0	26.0
XX
//
AC PB0074.1
XX
ID Sox8_1
XX
DE PB0074.1 Sox8_1 ; From JASPAR 2018
PO	A	C	G	T
01	24.0	20.0	28.0	28.0
02	24.0	14.0	28.0	34.0
03	51.0	13.0	14.0	22.0
04	19.0	9.0	13.0	60.0
05	15.0	33.0	19.0	33.0
06	38.0	13.0	4.0	45.0
07	95.0	1.0	1.0	4.0
08	1.0	3.0	0.0	96.0
09	2.0	1.0	1.0	96.0
10	15.0	4.0	81.0	1.0
11	11.0	1.0	1.0	87.0
12	9.0	10.0	6.0	75.0
13	25.0	43.0	8.0	23.0
14	25.0	17.0	15.0	43.0
15	21.0	14.0	30.0	36.0
16	32.0	15.0	16.0	37.0
17	48.0	13.0	15.0	24.0
XX
//
AC PB0075.1
XX
ID Sp100_1
XX
DE PB0075.1 Sp100_1 ; From JASPAR 2018
PO	A	C	G	T
01	40.0	13.0	34.0	13.0
02	32.0	3.0	6.0	59.0
03	16.0	3.0	4.0	77.0
04	27.0	15.0	4.0	54.0
05	22.0	24.0	17.0	36.0
06	31.0	30.0	17.0	22.0
07	0.0	99.0	1.0	0.0
08	0.0	12.0	87.0	0.0
09	9.0	9.0	59.0	23.0
10	78.0	8.0	6.0	8.0
11	87.0	1.0	3.0	9.0
12	71.0	5.0	3.0	22.0
13	49.0	14.0	10.0	28.0
14	19.0	11.0	21.0	49.0
XX
//
AC PB0076.1
XX
ID Sp4_1
XX
DE PB0076.1 Sp4_1 ; From JASPAR 2018
PO	A	C	G	T
01	16.0	22.0	37.0	25.0
02	25.0	16.0	35.0	25.0
03	24.0	26.0	17.0	34.0
04	26.0	49.0	5.0	20.0
05	45.0	55.0	0.0	0.0
06	0.0	99.0	0.0	0.0
07	4.0	0.0	93.0	3.0
08	0.0	99.0	0.0	0.0
09	0.0	99.0	1.0	0.0
10	0.0	96.0	0.0	3.0
11	15.0	84.0	0.0	1.0
12	1.0	91.0	1.0	7.0
13	8.0	27.0	6.0	59.0
14	15.0	29.0	14.0	42.0
15	20.0	35.0	25.0	19.0
16	18.0	30.0	19.0	32.0
17	13.0	38.0	25.0	25.0
XX
//
AC PB0077.1
XX
ID Spdef_1
XX
DE PB0077.1 Spdef_1 ; From JASPAR 2018
PO	A	C	G	T
01	28.0	27.0	33.0	12.0
02	19.0	29.0	17.0	35.0
03	49.0	3.0	45.0	4.0
04	9.0	61.0	13.0	16.0
05	71.0	1.0	4.0	24.0
06	2.0	1.0	1.0	96.0
07	1.0	99.0	1.0	0.0
08	1.0	99.0	0.0	0.0
09	0.0	1.0	87.0	12.0
10	0.0	9.0	86.0	5.0
11	57.0	7.0	19.0	17.0
12	18.0	6.0	4.0	72.0
13	26.0	25.0	16.0	34.0
14	18.0	30.0	13.0	39.0
15	15.0	23.0	15.0	47.0
16	9.0	31.0	19.0	40.0
XX
//
AC PB0078.1
XX
ID Srf_1
XX
DE PB0078.1 Srf_1 ; From JASPAR 2018
PO	A	C	G	T
01	28.0	17.0	14.0	41.0
02	31.0	16.0	16.0	37.0
03	5.0	91.0	2.0	3.0
04	1.0	81.0	1.0	16.0
05	59.0	5.0	5.0	32.0
06	31.0	1.0	1.0	67.0
07	72.0	1.0	3.0	23.0
08	23.0	3.0	1.0	72.0
09	67.0	1.0	1.0	31.0
10	35.0	3.0	2.0	60.0
11	16.0	1.0	81.0	1.0
12	3.0	2.0	91.0	5.0
13	32.0	19.0	17.0	32.0
14	64.0	15.0	10.0	12.0
XX
//
AC PB0079.1
XX
ID Sry_1
XX
DE PB0079.1 Sry_1 ; From JASPAR 2018
PO	A	C	G	T
01	17.0	24.0	25.0	33.0
02	32.0	26.0	12.0	31.0
03	24.0	18.0	25.0	33.0
04	43.0	16.0	14.0	27.0
05	96.0	1.0	1.0	2.0
06	5.0	1.0	1.0	93.0
07	7.0	1.0	1.0	91.0
08	92.0	0.0	7.0	1.0
09	1.0	7.0	0.0	92.0
10	91.0	1.0	1.0	7.0
11	93.0	1.0	1.0	5.0
12	2.0	1.0	1.0	96.0
13	42.0	14.0	27.0	18.0
14	34.0	12.0	18.0	36.0
15	25.0	10.0	25.0	41.0
16	25.0	32.0	22.0	21.0
XX
//
AC PB0080.1
XX
ID Tbp_1
XX
DE PB0080.1 Tbp_1 ; From JASPAR 2018
PO	A	C	G	T
01	22.0	27.0	22.0	29.0
02	12.0	40.0	12.0	35.0
03	29.0	23.0	12.0	35.0
04	38.0	10.0	11.0	41.0
05	27.0	4.0	2.0	67.0
06	65.0	1.0	1.0	34.0
07	8.0	1.0	0.0	91.0
08	77.0	0.0	0.0	23.0
09	23.0	0.0	0.0	77.0
10	91.0	0.0	1.0	8.0
11	34.0	1.0	1.0	65.0
12	67.0	2.0	4.0	27.0
13	47.0	11.0	10.0	32.0
14	37.0	29.0	10.0	24.0
15	20.0	13.0	22.0	45.0
16	35.0	22.0	23.0	20.0
XX
//
AC PB0081.1
XX
ID Tcf1_1
XX
DE PB0081.1 Tcf1_1 ; From JASPAR 2018
PO	A	C	G	T
01	31.0	25.0	23.0	21.0
02	21.0	39.0	16.0	24.0
03	9.0	23.0	19.0	50.0
04	24.0	30.0	13.0	32.0
05	45.0	15.0	31.0	9.0
06	14.0	9.0	67.0	9.0
07	7.0	7.0	1.0	85.0
08	3.0	0.0	0.0	97.0
09	97.0	1.0	0.0	2.0
10	97.0	0.0	1.0	1.0
11	2.0	90.0	4.0	4.0
12	5.0	29.0	4.0	61.0
13	59.0	5.0	20.0	16.0
14	57.0	12.0	21.0	10.0
15	34.0	13.0	30.0	23.0
16	32.0	25.0	21.0	22.0
17	32.0	18.0	30.0	20.0
XX
//
AC PB0082.1
XX
ID Tcf3_1
XX
DE PB0082.1 Tcf3_1 ; From JASPAR 2018
PO	A	C	G	T
01	19.0	20.0	18.0	43.0
02	37.0	23.0	12.0	27.0
03	25.0	17.0	13.0	45.0
04	58.0	4.0	13.0	24.0
05	4.0	40.0	50.0	7.0
06	76.0	1.0	1.0	23.0
07	6.0	1.0	0.0	93.0
08	4.0	87.0	6.0	3.0
09	96.0	0.0	0.0	3.0
10	97.0	0.0	1.0	1.0
11	94.0	0.0	2.0	4.0
12	13.0	6.0	80.0	2.0
13	21.0	17.0	48.0	13.0
14	49.0	13.0	31.0	8.0
15	40.0	20.0	15.0	25.0
16	31.0	23.0	16.0	30.0
17	32.0	21.0	16.0	31.0
XX
//
AC PB0083.1
XX
ID Tcf7_1
XX
DE PB0083.1 Tcf7_1 ; From JASPAR 2018
PO	A	C	G	T
01	17.0	20.0	22.0	41.0
02	34.0	23.0	14.0	29.0
03	30.0	17.0	14.0	38.0
04	60.0	5.0	13.0	21.0
05	4.0	38.0	53.0	5.0
06	73.0	1.0	1.0	26.0
07	7.0	1.0	0.0	92.0
08	5.0	82.0	10.0	4.0
09	96.0	1.0	1.0	3.0
10	96.0	0.0	2.0	2.0
11	94.0	1.0	2.0	4.0
12	16.0	6.0	76.0	2.0
13	23.0	15.0	52.0	9.0
14	56.0	12.0	25.0	6.0
15	49.0	21.0	12.0	17.0
16	31.0	25.0	13.0	31.0
17	33.0	25.0	12.0	30.0
XX
//
AC PB0084.1
XX
ID Tcf7l2_1
XX
DE PB0084.1 Tcf7l2_1 ; From JASPAR 2018
PO	A	C	G	T
01	29.0	19.0	25.0	27.0
02	28.0	16.0	26.0	31.0
03	24.0	16.0	25.0	35.0
04	8.0	33.0	15.0	44.0
05	9.0	53.0	18.0	20.0
06	1.0	88.0	3.0	7.0
07	2.0	2.0	0.0	96.0
08	1.0	1.0	0.0	98.0
09	3.0	0.0	0.0	97.0
10	1.0	3.0	93.0	3.0
11	95.0	0.0	0.0	5.0
12	11.0	0.0	0.0	89.0
13	4.0	57.0	35.0	3.0
14	22.0	14.0	4.0	59.0
15	36.0	17.0	22.0	25.0
16	23.0	14.0	23.0	39.0
17	35.0	24.0	23.0	17.0
XX
//
AC PB0085.1
XX
ID Tcfap2a_1
XX
DE PB0085.1 Tcfap2a_1 ; From JASPAR 2018
PO	A	C	G	T
01	42.0	10.0	12.0	35.0
02	25.0	17.0	20.0	38.0
03	23.0	23.0	7.0	47.0
04	1.0	50.0	46.0	2.0
05	1.0	99.0	0.0	0.0
06	0.0	86.0	0.0	14.0
07	1.0	32.0	19.0	49.0
08	4.0	38.0	50.0	9.0
09	49.0	19.0	32.0	1.0
10	14.0	0.0	86.0	0.0
11	0.0	0.0	99.0	1.0
12	2.0	46.0	50.0	1.0
13	35.0	9.0	42.0	14.0
14	56.0	13.0	13.0	17.0
15	33.0	20.0	24.0	23.0
XX
//
AC PB0086.1
XX
ID Tcfap2b_1
XX
DE PB0086.1 Tcfap2b_1 ; From JASPAR 2018
PO	A	C	G	T
01	24.0	13.0	20.0	43.0
02	17.0	35.0	6.0	42.0
03	4.0	23.0	72.0	2.0
04	1.0	93.0	6.0	1.0
05	0.0	97.0	0.0	3.0
06	0.0	63.0	3.0	34.0
07	2.0	29.0	27.0	41.0
08	59.0	14.0	25.0	3.0
09	34.0	3.0	63.0	0.0
10	3.0	0.0	97.0	0.0
11	1.0	6.0	93.0	1.0
12	2.0	72.0	23.0	4.0
13	66.0	8.0	15.0	11.0
14	32.0	17.0	17.0	34.0
XX
//
AC PB0087.1
XX
ID Tcfap2c_1
XX
DE PB0087.1 Tcfap2c_1 ; From JASPAR 2018
PO	A	C	G	T
01	45.0	10.0	10.0	35.0
02	23.0	19.0	18.0	40.0
03	23.0	26.0	7.0	44.0
04	1.0	46.0	51.0	2.0
05	1.0	98.0	0.0	0.0
06	0.0	89.0	0.0	11.0
07	1.0	35.0	11.0	54.0
08	4.0	35.0	53.0	8.0
09	54.0	11.0	35.0	1.0
10	11.0	0.0	89.0	0.0
11	0.0	0.0	98.0	1.0
12	2.0	51.0	46.0	1.0
13	31.0	10.0	44.0	15.0
14	57.0	14.0	12.0	17.0
15	33.0	18.0	22.0	28.0
XX
//
AC PB0088.1
XX
ID Tcfap2e_1
XX
DE PB0088.1 Tcfap2e_1 ; From JASPAR 2018
PO	A	C	G	T
01	37.0	17.0	16.0	29.0
02	26.0	21.0	19.0	33.0
03	29.0	28.0	7.0	35.0
04	1.0	27.0	70.0	2.0
05	1.0	98.0	1.0	1.0
06	0.0	96.0	1.0	3.0
07	0.0	28.0	12.0	59.0
08	2.0	38.0	54.0	5.0
09	59.0	12.0	28.0	0.0
10	3.0	1.0	96.0	0.0
11	1.0	1.0	98.0	1.0
12	2.0	70.0	27.0	1.0
13	33.0	9.0	33.0	24.0
14	56.0	15.0	14.0	15.0
15	26.0	22.0	24.0	27.0
XX
//
AC PB0089.1
XX
ID Tcfe2a_1
XX
DE PB0089.1 Tcfe2a_1 ; From JASPAR 2018
PO	A	C	G	T
01	31.0	23.0	24.0	22.0
02	17.0	17.0	22.0	44.0
03	21.0	43.0	16.0	20.0
04	28.0	33.0	16.0	23.0
05	44.0	28.0	25.0	3.0
06	1.0	98.0	0.0	0.0
07	98.0	2.0	0.0	0.0
08	0.0	19.0	80.0	1.0
09	2.0	9.0	89.0	0.0
10	0.0	1.0	0.0	99.0
11	0.0	0.0	99.0	1.0
12	2.0	66.0	15.0	17.0
13	30.0	9.0	45.0	16.0
14	35.0	21.0	24.0	19.0
15	40.0	17.0	20.0	23.0
16	30.0	28.0	20.0	22.0
17	38.0	15.0	16.0	31.0
XX
//
AC PB0090.1
XX
ID Zbtb12_1
XX
DE PB0090.1 Zbtb12_1 ; From JASPAR 2018
PO	A	C	G	T
01	16.0	35.0	27.0	21.0
02	21.0	21.0	22.0	36.0
03	33.0	22.0	19.0	27.0
04	51.0	4.0	42.0	3.0
05	7.0	20.0	41.0	32.0
06	2.0	0.0	97.0	0.0
07	2.0	1.0	1.0	97.0
08	2.0	0.0	1.0	97.0
09	0.0	99.0	0.0	0.0
10	0.0	4.0	0.0	96.0
11	98.0	1.0	1.0	0.0
12	1.0	0.0	98.0	0.0
13	84.0	2.0	13.0	1.0
14	17.0	15.0	9.0	60.0
15	7.0	58.0	7.0	28.0
16	38.0	25.0	21.0	16.0
17	17.0	31.0	23.0	30.0
XX
//
AC PB0091.1
XX
ID Zbtb3_1
XX
DE PB0091.1 Zbtb3_1 ; From JASPAR 2018
PO	A	C	G	T
01	40.0	14.0	27.0	19.0
02	43.0	17.0	22.0	18.0
03	17.0	27.0	27.0	28.0
04	15.0	30.0	29.0	26.0
05	13.0	28.0	43.0	15.0
06	4.0	94.0	0.0	1.0
07	89.0	0.0	10.0	0.0
08	0.0	95.0	4.0	0.0
09	1.0	0.0	0.0	98.0
10	0.0	0.0	98.0	1.0
11	0.0	90.0	7.0	2.0
12	91.0	6.0	2.0	2.0
13	8.0	33.0	23.0	37.0
14	14.0	16.0	18.0	51.0
15	12.0	33.0	30.0	25.0
16	14.0	31.0	30.0	24.0
17	11.0	24.0	35.0	30.0
XX
//
AC PB0092.1
XX
ID Zbtb7b_1
XX
DE PB0092.1 Zbtb7b_1 ; From JASPAR 2018
PO	A	C	G	T
01	35.0	17.0	28.0	20.0
02	37.0	14.0	26.0	23.0
03	23.0	17.0	44.0	16.0
04	5.0	71.0	22.0	1.0
05	1.0	98.0	1.0	0.0
06	1.0	99.0	0.0	0.0
07	1.0	98.0	0.0	0.0
08	0.0	97.0	0.0	2.0
09	9.0	79.0	3.0	9.0
10	37.0	16.0	11.0	36.0
11	62.0	15.0	4.0	19.0
12	67.0	11.0	7.0	14.0
13	43.0	6.0	18.0	32.0
14	49.0	22.0	9.0	20.0
15	14.0	24.0	16.0	46.0
XX
//
AC PB0093.1
XX
ID Zfp105_1
XX
DE PB0093.1 Zfp105_1 ; From JASPAR 2018
PO	A	C	G	T
01	36.0	18.0	15.0	31.0
02	42.0	13.0	22.0	22.0
03	16.0	42.0	5.0	36.0
04	72.0	12.0	6.0	10.0
05	88.0	3.0	3.0	6.0
06	56.0	15.0	3.0	26.0
07	27.0	40.0	3.0	30.0
08	94.0	1.0	3.0	1.0
09	90.0	1.0	4.0	6.0
10	31.0	52.0	6.0	12.0
11	88.0	3.0	5.0	4.0
12	71.0	5.0	4.0	20.0
13	25.0	13.0	32.0	31.0
14	43.0	18.0	18.0	21.0
15	34.0	10.0	36.0	21.0
XX
//
AC PB0094.1
XX
ID Zfp128_1
XX
DE PB0094.1 Zfp128_1 ; From JASPAR 2018
PO	A	C	G	T
01	19.0	22.0	26.0	32.0
02	29.0	31.0	10.0	30.0
03	29.0	16.0	13.0	42.0
04	25.0	13.0	28.0	34.0
05	22.0	3.0	37.0	39.0
06	2.0	1.0	88.0	10.0
07	19.0	0.0	73.0	8.0
08	0.0	99.0	0.0	1.0
09	7.0	0.0	93.0	0.0
10	0.0	0.0	0.0	99.0
11	99.0	0.0	0.0	0.0
12	1.0	99.0	0.0	0.0
13	15.0	62.0	19.0	4.0
14	10.0	56.0	11.0	23.0
15	18.0	26.0	18.0	38.0
16	43.0	22.0	14.0	21.0
17	45.0	12.0	22.0	21.0
XX
//
AC PB0095.1
XX
ID Zfp161_1
XX
DE PB0095.1 Zfp161_1 ; From JASPAR 2018
PO	A	C	G	T
01	14.0	11.0	28.0	46.0
02	22.0	8.0	50.0	20.0
03	29.0	4.0	60.0	6.0
04	11.0	56.0	22.0	12.0
05	11.0	2.0	85.0	1.0
06	2.0	94.0	1.0	4.0
07	9.0	0.0	90.0	0.0
08	0.0	90.0	0.0	9.0
09	4.0	1.0	94.0	2.0
10	1.0	85.0	2.0	11.0
11	33.0	5.0	52.0	11.0
12	6.0	60.0	4.0	29.0
13	21.0	39.0	13.0	27.0
14	13.0	37.0	9.0	41.0
15	27.0	10.0	48.0	15.0
16	36.0	16.0	19.0	29.0
XX
//
AC PB0096.1
XX
ID Zfp187_1
XX
DE PB0096.1 Zfp187_1 ; From JASPAR 2018
PO	A	C	G	T
01	19.0	28.0	24.0	29.0
02	13.0	19.0	11.0	57.0
03	94.0	2.0	3.0	1.0
04	1.0	2.0	0.0	96.0
05	1.0	0.0	99.0	0.0
06	6.0	1.0	3.0	90.0
07	90.0	0.0	9.0	1.0
08	0.0	94.0	0.0	5.0
09	3.0	27.0	4.0	66.0
10	97.0	1.0	0.0	2.0
11	98.0	0.0	1.0	1.0
12	2.0	1.0	1.0	97.0
13	43.0	12.0	12.0	33.0
14	45.0	28.0	6.0	21.0
XX
//
AC PB0097.1
XX
ID Zfp281_1
XX
DE PB0097.1 Zfp281_1 ; From JASPAR 2018
PO	A	C	G	T
01	20.0	17.0	20.0	43.0
02	14.0	44.0	18.0	24.0
03	26.0	56.0	7.0	11.0
04	14.0	74.0	5.0	7.0
05	4.0	88.0	5.0	3.0
06	25.0	59.0	2.0	14.0
07	12.0	59.0	3.0	25.0
08	2.0	94.0	1.0	3.0
09	4.0	95.0	0.0	1.0
10	2.0	95.0	1.0	2.0
11	2.0	96.0	1.0	1.0
12	3.0	94.0	1.0	2.0
13	30.0	52.0	3.0	15.0
14	16.0	51.0	5.0	28.0
15	16.0	65.0	13.0	6.0
XX
//
AC PB0098.1
XX
ID Zfp410_1
XX
DE PB0098.1 Zfp410_1 ; From JASPAR 2018
PO	A	C	G	T
01	30.0	13.0	25.0	31.0
02	38.0	19.0	25.0	18.0
03	18.0	14.0	26.0	41.0
04	31.0	4.0	24.0	42.0
05	82.0	11.0	3.0	4.0
06	2.0	1.0	1.0	96.0
07	1.0	0.0	97.0	1.0
08	1.0	0.0	99.0	1.0
09	1.0	0.0	98.0	1.0
10	95.0	1.0	2.0	1.0
11	1.0	0.0	1.0	98.0
12	15.0	0.0	84.0	1.0
13	0.0	4.0	54.0	41.0
14	41.0	38.0	13.0	8.0
15	26.0	16.0	27.0	31.0
16	39.0	14.0	21.0	26.0
17	34.0	27.0	21.0	18.0
XX
//
AC PB0099.1
XX
ID Zfp691_1
XX
DE PB0099.1 Zfp691_1 ; From JASPAR 2018
PO	A	C	G	T
01	10.0	44.0	20.0	26.0
02	25.0	14.0	33.0	28.0
03	31.0	26.0	16.0	26.0
04	44.0	20.0	21.0	15.0
05	12.0	67.0	8.0	12.0
06	94.0	1.0	5.0	0.0
07	0.0	0.0	99.0	1.0
08	1.0	0.0	0.0	99.0
09	1.0	0.0	98.0	0.0
10	1.0	99.0	0.0	0.0
11	0.0	1.0	0.0	99.0
12	0.0	99.0	0.0	0.0
13	52.0	40.0	6.0	3.0
14	12.0	39.0	15.0	34.0
15	31.0	17.0	13.0	40.0
16	39.0	13.0	29.0	19.0
17	31.0	15.0	16.0	38.0
XX
//
AC PB0100.1
XX
ID Zfp740_1
XX
DE PB0100.1 Zfp740_1 ; From JASPAR 2018
PO	A	C	G	T
01	14.0	40.0	14.0	33.0
02	19.0	42.0	22.0	18.0
03	17.0	34.0	17.0	31.0
04	15.0	59.0	15.0	12.0
05	14.0	66.0	11.0	9.0
06	22.0	75.0	1.0	2.0
07	2.0	96.0	0.0	1.0
08	1.0	98.0	0.0	1.0
09	1.0	98.0	0.0	1.0
10	3.0	96.0	0.0	2.0
11	20.0	76.0	1.0	4.0
12	49.0	36.0	3.0	12.0
13	31.0	40.0	7.0	23.0
14	25.0	23.0	21.0	30.0
15	16.0	30.0	14.0	40.0
16	18.0	29.0	32.0	21.0
XX
//
AC PB0101.1
XX
ID Zic1_1
XX
DE PB0101.1 Zic1_1 ; From JASPAR 2018
PO	A	C	G	T
01	17.0	37.0	27.0	19.0
02	36.0	31.0	11.0	22.0
03	9.0	79.0	3.0	9.0
04	11.0	78.0	5.0	5.0
05	11.0	84.0	3.0	3.0
06	5.0	83.0	7.0	6.0
07	15.0	59.0	23.0	3.0
08	5.0	18.0	61.0	17.0
09	6.0	7.0	83.0	5.0
10	3.0	3.0	84.0	11.0
11	5.0	5.0	78.0	11.0
12	9.0	3.0	79.0	9.0
13	6.0	7.0	72.0	15.0
14	10.0	19.0	59.0	12.0
XX
//
AC PB0102.1
XX
ID Zic2_1
XX
DE PB0102.1 Zic2_1 ; From JASPAR 2018
PO	A	C	G	T
01	17.0	30.0	28.0	25.0
02	27.0	49.0	9.0	14.0
03	14.0	72.0	3.0	11.0
04	12.0	77.0	5.0	6.0
05	10.0	84.0	3.0	3.0
06	6.0	81.0	7.0	6.0
07	6.0	77.0	16.0	2.0
08	7.0	11.0	63.0	19.0
09	6.0	7.0	81.0	6.0
10	3.0	3.0	84.0	10.0
11	6.0	5.0	77.0	12.0
12	11.0	3.0	72.0	14.0
13	12.0	7.0	61.0	20.0
14	7.0	22.0	56.0	16.0
15	18.0	20.0	21.0	42.0
XX
//
AC PB0103.1
XX
ID Zic3_1
XX
DE PB0103.1 Zic3_1 ; From JASPAR 2018
PO	A	C	G	T
01	13.0	37.0	25.0	24.0
02	31.0	45.0	9.0	15.0
03	13.0	72.0	3.0	12.0
04	13.0	75.0	5.0	7.0
05	12.0	81.0	4.0	4.0
06	5.0	82.0	8.0	6.0
07	5.0	79.0	14.0	2.0
08	6.0	9.0	67.0	19.0
09	6.0	8.0	82.0	5.0
10	4.0	4.0	81.0	12.0
11	7.0	5.0	75.0	13.0
12	12.0	3.0	72.0	13.0
13	10.0	7.0	64.0	19.0
14	7.0	20.0	58.0	15.0
15	15.0	24.0	23.0	39.0
XX
//
AC PB0104.1
XX
ID Zscan4_1
XX
DE PB0104.1 Zscan4_1 ; From JASPAR 2018
PO	A	C	G	T
01	20.0	16.0	31.0	33.0
02	36.0	27.0	15.0	23.0
03	25.0	30.0	24.0	21.0
04	49.0	12.0	21.0	18.0
05	12.0	5.0	6.0	77.0
06	2.0	1.0	97.0	0.0
07	1.0	3.0	1.0	96.0
08	3.0	0.0	97.0	0.0
09	0.0	97.0	0.0	3.0
10	96.0	1.0	3.0	1.0
11	0.0	97.0	1.0	2.0
12	77.0	6.0	5.0	12.0
13	4.0	38.0	4.0	53.0
14	75.0	5.0	4.0	16.0
15	36.0	23.0	9.0	32.0
16	44.0	11.0	22.0	23.0
17	30.0	29.0	20.0	21.0
XX
//
AC PB0105.1
XX
ID Arid3a_2
XX
DE PB0105.1 Arid3a_2 ; From JASPAR 2018
PO	A	C	G	T
01	31.0	28.0	16.0	25.0
02	25.0	30.0	22.0	23.0
03	26.0	34.0	25.0	16.0
04	27.0	34.0	33.0	6.0
05	37.0	15.0	39.0	8.0
06	7.0	19.0	16.0	58.0
07	81.0	7.0	10.0	2.0
08	4.0	17.0	10.0	69.0
09	18.0	58.0	21.0	3.0
10	50.0	7.0	25.0	17.0
11	35.0	10.0	27.0	28.0
12	44.0	21.0	25.0	10.0
13	25.0	9.0	18.0	49.0
14	22.0	32.0	12.0	34.0
15	20.0	10.0	33.0	37.0
XX
//
AC PB0106.1
XX
ID Arid5a_2
XX
DE PB0106.1 Arid5a_2 ; From JASPAR 2018
PO	A	C	G	T
01	17.0	30.0	27.0	25.0
02	30.0	17.0	30.0	23.0
03	14.0	27.0	9.0	50.0
04	28.0	19.0	25.0	27.0
05	28.0	36.0	18.0	17.0
06	67.0	6.0	6.0	21.0
07	83.0	7.0	5.0	4.0
08	4.0	5.0	10.0	81.0
09	78.0	12.0	6.0	4.0
10	9.0	74.0	15.0	2.0
11	12.0	18.0	69.0	1.0
12	53.0	6.0	26.0	14.0
13	41.0	10.0	29.0	21.0
14	43.0	14.0	19.0	24.0
15	15.0	28.0	25.0	32.0
16	35.0	20.0	28.0	17.0
17	44.0	21.0	21.0	13.0
XX
//
AC PB0107.1
XX
ID Ascl2_2
XX
DE PB0107.1 Ascl2_2 ; From JASPAR 2018
PO	A	C	G	T
01	11.0	35.0	29.0	25.0
02	19.0	25.0	12.0	44.0
03	34.0	30.0	20.0	16.0
04	31.0	12.0	16.0	41.0
05	14.0	60.0	12.0	13.0
06	8.0	72.0	14.0	7.0
07	15.0	69.0	7.0	10.0
08	14.0	65.0	13.0	9.0
09	34.0	9.0	37.0	20.0
10	3.0	63.0	7.0	26.0
11	12.0	62.0	10.0	16.0
12	11.0	63.0	9.0	17.0
13	20.0	25.0	22.0	33.0
14	42.0	12.0	28.0	18.0
15	11.0	22.0	25.0	43.0
16	19.0	30.0	15.0	36.0
XX
//
AC PB0108.1
XX
ID Atf1_2
XX
DE PB0108.1 Atf1_2 ; From JASPAR 2018
PO	A	C	G	T
01	19.0	21.0	42.0	18.0
02	32.0	11.0	29.0	28.0
03	65.0	11.0	20.0	4.0
04	4.0	5.0	5.0	86.0
05	8.0	5.0	81.0	6.0
06	83.0	4.0	7.0	7.0
07	4.0	86.0	5.0	5.0
08	16.0	3.0	78.0	3.0
09	56.0	23.0	8.0	12.0
10	40.0	2.0	35.0	23.0
11	2.0	26.0	21.0	51.0
12	69.0	7.0	10.0	14.0
13	46.0	11.0	18.0	26.0
14	26.0	30.0	20.0	24.0
XX
//
AC PB0109.1
XX
ID Bbx_2
XX
DE PB0109.1 Bbx_2 ; From JASPAR 2018
PO	A	C	G	T
01	20.0	23.0	18.0	40.0
02	30.0	27.0	34.0	8.0
03	49.0	15.0	6.0	31.0
04	22.0	27.0	21.0	30.0
05	16.0	26.0	26.0	31.0
06	7.0	4.0	81.0	7.0
07	6.0	3.0	9.0	81.0
08	5.0	10.0	5.0	80.0
09	82.0	5.0	9.0	4.0
10	75.0	18.0	3.0	5.0
11	16.0	69.0	4.0	11.0
12	64.0	14.0	16.0	6.0
13	14.0	27.0	42.0	17.0
14	28.0	23.0	16.0	33.0
15	17.0	23.0	29.0	31.0
16	30.0	13.0	39.0	19.0
17	28.0	21.0	37.0	14.0
XX
//
AC PB0110.1
XX
ID Bcl6b_2
XX
DE PB0110.1 Bcl6b_2 ; From JASPAR 2018
PO	A	C	G	T
01	32.0	28.0	15.0	25.0
02	17.0	26.0	26.0	32.0
03	18.0	33.0	26.0	24.0
04	17.0	39.0	24.0	21.0
05	7.0	78.0	7.0	8.0
06	5.0	80.0	3.0	12.0
07	22.0	6.0	55.0	16.0
08	7.0	82.0	3.0	7.0
09	7.0	85.0	6.0	2.0
10	3.0	86.0	6.0	5.0
11	6.0	80.0	7.0	7.0
12	35.0	3.0	20.0	42.0
13	31.0	26.0	18.0	26.0
14	46.0	29.0	9.0	16.0
15	32.0	23.0	17.0	28.0
16	37.0	27.0	20.0	16.0
XX
//
AC PB0111.1
XX
ID Bhlhb2_2
XX
DE PB0111.1 Bhlhb2_2 ; From JASPAR 2018
PO	A	C	G	T
01	12.0	34.0	12.0	41.0
02	22.0	17.0	42.0	19.0
03	13.0	26.0	10.0	51.0
04	14.0	41.0	29.0	17.0
05	30.0	16.0	30.0	25.0
06	22.0	29.0	15.0	34.0
07	5.0	3.0	12.0	80.0
08	52.0	29.0	17.0	2.0
09	5.0	94.0	0.0	0.0
10	90.0	1.0	7.0	2.0
11	0.0	97.0	1.0	2.0
12	2.0	1.0	97.0	0.0
13	2.0	7.0	1.0	90.0
14	0.0	0.0	94.0	5.0
15	0.0	9.0	69.0	22.0
16	80.0	12.0	3.0	5.0
17	33.0	16.0	28.0	24.0
18	28.0	13.0	45.0	14.0
19	13.0	25.0	42.0	19.0
20	40.0	43.0	5.0	12.0
21	28.0	12.0	42.0	19.0
22	16.0	9.0	65.0	10.0
23	20.0	17.0	11.0	52.0
XX
//
AC PB0112.1
XX
ID E2F2_2
XX
DE PB0112.1 E2F2_2 ; From JASPAR 2018
PO	A	C	G	T
01	27.0	28.0	18.0	27.0
02	23.0	29.0	29.0	19.0
03	18.0	29.0	19.0	34.0
04	32.0	6.0	13.0	49.0
05	11.0	48.0	1.0	41.0
06	15.0	1.0	80.0	3.0
07	0.0	19.0	79.0	1.0
08	5.0	94.0	1.0	0.0
09	1.0	0.0	95.0	4.0
10	1.0	87.0	12.0	0.0
11	5.0	78.0	1.0	17.0
12	78.0	1.0	11.0	9.0
13	61.0	17.0	10.0	12.0
14	36.0	21.0	22.0	21.0
15	29.0	26.0	28.0	17.0
16	16.0	17.0	37.0	29.0
17	16.0	28.0	33.0	23.0
XX
//
AC PB0113.1
XX
ID E2F3_2
XX
DE PB0113.1 E2F3_2 ; From JASPAR 2018
PO	A	C	G	T
01	27.0	27.0	22.0	24.0
02	20.0	26.0	34.0	20.0
03	18.0	36.0	10.0	36.0
04	35.0	5.0	10.0	50.0
05	11.0	45.0	1.0	43.0
06	11.0	2.0	85.0	2.0
07	0.0	13.0	86.0	0.0
08	3.0	96.0	0.0	0.0
09	1.0	0.0	97.0	3.0
10	1.0	91.0	8.0	0.0
11	3.0	83.0	1.0	13.0
12	76.0	2.0	9.0	13.0
13	53.0	27.0	10.0	10.0
14	33.0	15.0	31.0	21.0
15	33.0	31.0	23.0	12.0
16	18.0	23.0	38.0	22.0
17	18.0	33.0	28.0	20.0
XX
//
AC PB0114.1
XX
ID Egr1_2
XX
DE PB0114.1 Egr1_2 ; From JASPAR 2018
PO	A	C	G	T
01	18.0	23.0	28.0	31.0
02	12.0	16.0	37.0	35.0
03	21.0	34.0	19.0	27.0
04	14.0	28.0	30.0	28.0
05	12.0	2.0	81.0	5.0
06	65.0	12.0	18.0	5.0
07	2.0	1.0	95.0	1.0
08	2.0	1.0	32.0	66.0
09	17.0	1.0	81.0	2.0
10	2.0	1.0	95.0	2.0
11	4.0	3.0	78.0	15.0
12	73.0	3.0	9.0	15.0
13	20.0	43.0	6.0	32.0
14	26.0	20.0	9.0	45.0
15	27.0	20.0	32.0	22.0
16	23.0	25.0	27.0	26.0
XX
//
AC PB0115.1
XX
ID Ehf_2
XX
DE PB0115.1 Ehf_2 ; From JASPAR 2018
PO	A	C	G	T
01	31.0	3.0	11.0	55.0
02	36.0	11.0	18.0	35.0
03	30.0	24.0	36.0	10.0
04	24.0	11.0	27.0	37.0
05	74.0	6.0	12.0	7.0
06	16.0	23.0	26.0	35.0
07	7.0	1.0	1.0	90.0
08	7.0	1.0	1.0	90.0
09	2.0	93.0	1.0	4.0
10	3.0	92.0	2.0	3.0
11	3.0	7.0	60.0	30.0
12	78.0	8.0	4.0	10.0
13	27.0	16.0	13.0	44.0
14	7.0	55.0	35.0	4.0
15	32.0	13.0	15.0	40.0
16	33.0	11.0	10.0	46.0
XX
//
AC PB0116.1
XX
ID Elf3_2
XX
DE PB0116.1 Elf3_2 ; From JASPAR 2018
PO	A	C	G	T
01	16.0	15.0	49.0	20.0
02	12.0	31.0	22.0	34.0
03	11.0	13.0	15.0	60.0
04	22.0	49.0	10.0	19.0
05	40.0	29.0	10.0	21.0
06	63.0	7.0	7.0	22.0
07	67.0	10.0	7.0	17.0
08	63.0	10.0	4.0	24.0
09	72.0	9.0	2.0	16.0
10	73.0	5.0	2.0	20.0
11	67.0	12.0	4.0	17.0
12	69.0	5.0	4.0	22.0
13	51.0	16.0	10.0	24.0
14	41.0	30.0	15.0	15.0
15	19.0	28.0	10.0	43.0
16	27.0	15.0	26.0	31.0
17	22.0	46.0	6.0	26.0
XX
//
AC PB0117.1
XX
ID Eomes_2
XX
DE PB0117.1 Eomes_2 ; From JASPAR 2018
PO	A	C	G	T
01	25.0	25.0	30.0	20.0
02	11.0	34.0	34.0	20.0
03	30.0	22.0	34.0	14.0
04	24.0	13.0	42.0	21.0
05	89.0	1.0	6.0	4.0
06	5.0	5.0	86.0	4.0
07	1.0	2.0	97.0	1.0
08	0.0	6.0	0.0	93.0
09	2.0	1.0	97.0	0.0
10	12.0	3.0	5.0	81.0
11	3.0	60.0	1.0	36.0
12	2.0	5.0	79.0	14.0
13	18.0	46.0	28.0	8.0
14	12.0	49.0	15.0	24.0
15	15.0	25.0	21.0	39.0
16	22.0	32.0	25.0	21.0
XX
//
AC PB0118.1
XX
ID Esrra_2
XX
DE PB0118.1 Esrra_2 ; From JASPAR 2018
PO	A	C	G	T
01	25.0	27.0	35.0	13.0
02	16.0	8.0	39.0	37.0
03	18.0	29.0	28.0	25.0
04	21.0	25.0	28.0	27.0
05	76.0	5.0	2.0	17.0
06	2.0	2.0	95.0	1.0
07	21.0	5.0	75.0	0.0
08	1.0	0.0	98.0	1.0
09	0.0	0.0	99.0	1.0
10	3.0	0.0	1.0	96.0
11	0.0	97.0	1.0	2.0
12	92.0	0.0	7.0	0.0
13	42.0	23.0	11.0	24.0
14	29.0	16.0	34.0	20.0
15	20.0	28.0	31.0	21.0
16	13.0	26.0	38.0	23.0
17	27.0	38.0	12.0	23.0
XX
//
AC PB0119.1
XX
ID Foxa2_2
XX
DE PB0119.1 Foxa2_2 ; From JASPAR 2018
PO	A	C	G	T
01	34.0	23.0	28.0	15.0
02	35.0	24.0	26.0	16.0
03	43.0	13.0	19.0	25.0
04	59.0	9.0	16.0	16.0
05	59.0	23.0	9.0	10.0
06	9.0	10.0	10.0	71.0
07	79.0	6.0	8.0	7.0
08	74.0	3.0	9.0	14.0
09	7.0	72.0	6.0	15.0
10	82.0	8.0	3.0	7.0
11	60.0	15.0	10.0	15.0
12	53.0	14.0	19.0	14.0
13	23.0	29.0	28.0	20.0
14	20.0	23.0	43.0	13.0
15	20.0	29.0	31.0	20.0
XX
//
AC PB0120.1
XX
ID Foxj1_2
XX
DE PB0120.1 Foxj1_2 ; From JASPAR 2018
PO	A	C	G	T
01	43.0	17.0	17.0	23.0
02	19.0	28.0	20.0	33.0
03	34.0	19.0	37.0	10.0
04	8.0	19.0	23.0	50.0
05	19.0	54.0	19.0	9.0
06	81.0	3.0	15.0	1.0
07	4.0	55.0	4.0	37.0
08	85.0	3.0	7.0	5.0
09	80.0	14.0	3.0	3.0
10	10.0	80.0	6.0	4.0
11	69.0	3.0	12.0	15.0
12	52.0	14.0	18.0	16.0
13	17.0	39.0	23.0	21.0
14	44.0	20.0	23.0	14.0
15	23.0	45.0	15.0	17.0
XX
//
AC PB0121.1
XX
ID Foxj3_2
XX
DE PB0121.1 Foxj3_2 ; From JASPAR 2018
PO	A	C	G	T
01	32.0	25.0	22.0	22.0
02	35.0	16.0	23.0	26.0
03	17.0	30.0	26.0	26.0
04	53.0	10.0	26.0	11.0
05	21.0	39.0	20.0	21.0
06	3.0	85.0	1.0	10.0
07	67.0	28.0	4.0	1.0
08	50.0	24.0	1.0	25.0
09	91.0	4.0	2.0	3.0
10	95.0	1.0	1.0	2.0
11	1.0	86.0	1.0	12.0
12	96.0	1.0	1.0	2.0
13	41.0	13.0	14.0	32.0
14	47.0	13.0	7.0	34.0
15	21.0	10.0	41.0	27.0
16	18.0	31.0	35.0	16.0
17	29.0	22.0	24.0	25.0
XX
//
AC PB0122.1
XX
ID Foxk1_2
XX
DE PB0122.1 Foxk1_2 ; From JASPAR 2018
PO	A	C	G	T
01	24.0	43.0	14.0	19.0
02	37.0	25.0	12.0	27.0
03	49.0	22.0	11.0	18.0
04	74.0	4.0	15.0	7.0
05	8.0	55.0	3.0	34.0
06	59.0	29.0	8.0	4.0
07	91.0	3.0	5.0	1.0
08	1.0	57.0	1.0	41.0
09	95.0	2.0	2.0	1.0
10	90.0	2.0	3.0	5.0
11	8.0	80.0	3.0	10.0
12	82.0	4.0	5.0	8.0
13	25.0	34.0	14.0	26.0
14	32.0	34.0	13.0	21.0
15	23.0	26.0	17.0	34.0
XX
//
AC PB0123.1
XX
ID Foxl1_2
XX
DE PB0123.1 Foxl1_2 ; From JASPAR 2018
PO	A	C	G	T
01	56.0	12.0	8.0	23.0
02	32.0	15.0	18.0	35.0
03	48.0	12.0	17.0	23.0
04	20.0	16.0	19.0	45.0
05	3.0	57.0	2.0	38.0
06	64.0	17.0	2.0	17.0
07	57.0	11.0	1.0	31.0
08	89.0	5.0	1.0	4.0
09	91.0	3.0	3.0	3.0
10	1.0	74.0	2.0	22.0
11	91.0	2.0	3.0	4.0
12	70.0	7.0	8.0	15.0
13	45.0	32.0	6.0	18.0
14	59.0	13.0	14.0	14.0
15	26.0	33.0	17.0	24.0
16	36.0	33.0	15.0	16.0
XX
//
AC PB0124.1
XX
ID Gabpa_2
XX
DE PB0124.1 Gabpa_2 ; From JASPAR 2018
PO	A	C	G	T
01	23.0	55.0	14.0	8.0
02	10.0	53.0	10.0	27.0
03	25.0	20.0	30.0	25.0
04	14.0	20.0	23.0	43.0
05	16.0	44.0	8.0	31.0
06	31.0	13.0	7.0	49.0
07	9.0	15.0	8.0	68.0
08	8.0	63.0	7.0	21.0
09	10.0	64.0	10.0	16.0
10	7.0	45.0	36.0	12.0
11	29.0	47.0	6.0	18.0
12	20.0	42.0	13.0	24.0
13	11.0	32.0	19.0	38.0
14	20.0	32.0	31.0	17.0
15	35.0	29.0	23.0	13.0
16	25.0	29.0	19.0	26.0
XX
//
AC PB0125.1
XX
ID Gata3_2
XX
DE PB0125.1 Gata3_2 ; From JASPAR 2018
PO	A	C	G	T
01	18.0	32.0	12.0	39.0
02	14.0	18.0	21.0	48.0
03	25.0	24.0	17.0	34.0
04	24.0	21.0	24.0	31.0
05	27.0	21.0	36.0	15.0
06	10.0	32.0	19.0	39.0
07	50.0	14.0	3.0	33.0
08	5.0	2.0	90.0	3.0
09	92.0	3.0	2.0	3.0
10	3.0	7.0	2.0	87.0
11	24.0	23.0	23.0	30.0
12	11.0	22.0	28.0	39.0
13	15.0	17.0	14.0	55.0
14	84.0	5.0	6.0	5.0
15	4.0	7.0	7.0	82.0
16	5.0	85.0	3.0	7.0
17	38.0	2.0	40.0	20.0
18	38.0	22.0	26.0	15.0
19	9.0	36.0	28.0	27.0
20	30.0	18.0	18.0	34.0
21	30.0	25.0	11.0	33.0
22	35.0	27.0	14.0	24.0
XX
//
AC PB0126.1
XX
ID Gata5_2
XX
DE PB0126.1 Gata5_2 ; From JASPAR 2018
PO	A	C	G	T
01	30.0	23.0	37.0	11.0
02	36.0	29.0	18.0	17.0
03	17.0	35.0	24.0	24.0
04	36.0	26.0	16.0	22.0
05	28.0	8.0	49.0	14.0
06	86.0	7.0	3.0	4.0
07	6.0	2.0	85.0	7.0
08	92.0	4.0	4.0	1.0
09	3.0	1.0	5.0	91.0
10	83.0	13.0	1.0	3.0
11	5.0	3.0	12.0	80.0
12	7.0	82.0	2.0	8.0
13	51.0	3.0	11.0	35.0
14	23.0	15.0	44.0	19.0
15	18.0	29.0	16.0	37.0
16	17.0	27.0	28.0	28.0
17	14.0	16.0	35.0	36.0
XX
//
AC PB0127.1
XX
ID Gata6_2
XX
DE PB0127.1 Gata6_2 ; From JASPAR 2018
PO	A	C	G	T
01	10.0	8.0	66.0	17.0
02	10.0	47.0	27.0	16.0
03	15.0	23.0	41.0	21.0
04	28.0	22.0	32.0	18.0
05	11.0	72.0	8.0	9.0
06	6.0	4.0	82.0	8.0
07	68.0	23.0	6.0	3.0
08	3.0	1.0	7.0	90.0
09	90.0	7.0	1.0	3.0
10	3.0	6.0	23.0	68.0
11	8.0	82.0	4.0	6.0
12	9.0	8.0	72.0	11.0
13	8.0	51.0	27.0	14.0
14	44.0	30.0	20.0	6.0
15	9.0	18.0	58.0	14.0
16	14.0	49.0	7.0	29.0
17	25.0	17.0	29.0	29.0
XX
//
AC PB0128.1
XX
ID Gcm1_2
XX
DE PB0128.1 Gcm1_2 ; From JASPAR 2018
PO	A	C	G	T
01	30.0	12.0	24.0	34.0
02	18.0	17.0	37.0	27.0
03	15.0	44.0	25.0	16.0
04	21.0	22.0	37.0	20.0
05	26.0	32.0	19.0	24.0
06	87.0	5.0	7.0	1.0
07	1.0	2.0	1.0	96.0
08	89.0	4.0	6.0	1.0
09	7.0	1.0	80.0	12.0
10	1.0	1.0	95.0	3.0
11	0.0	1.0	98.0	1.0
12	1.0	1.0	97.0	1.0
13	50.0	15.0	34.0	1.0
14	11.0	35.0	38.0	16.0
15	37.0	10.0	46.0	7.0
16	45.0	39.0	7.0	9.0
17	10.0	23.0	39.0	28.0
XX
//
AC PB0129.1
XX
ID Glis2_2
XX
DE PB0129.1 Glis2_2 ; From JASPAR 2018
PO	A	C	G	T
01	37.0	23.0	9.0	32.0
02	34.0	16.0	21.0	29.0
03	6.0	7.0	9.0	77.0
04	71.0	6.0	14.0	9.0
05	17.0	9.0	9.0	64.0
06	10.0	9.0	14.0	68.0
07	71.0	7.0	13.0	9.0
08	37.0	18.0	13.0	32.0
09	18.0	15.0	9.0	58.0
10	71.0	7.0	5.0	17.0
11	68.0	6.0	9.0	17.0
12	71.0	17.0	3.0	9.0
13	22.0	16.0	46.0	16.0
14	41.0	21.0	22.0	15.0
XX
//
AC PB0130.1
XX
ID Gm397_2
XX
DE PB0130.1 Gm397_2 ; From JASPAR 2018
PO	A	C	G	T
01	36.0	19.0	25.0	20.0
02	29.0	22.0	43.0	6.0
03	35.0	44.0	3.0	18.0
04	34.0	19.0	39.0	8.0
05	11.0	1.0	88.0	1.0
06	2.0	97.0	1.0	0.0
07	97.0	0.0	2.0	0.0
08	1.0	98.0	0.0	1.0
09	97.0	1.0	2.0	0.0
10	1.0	94.0	3.0	2.0
11	76.0	11.0	7.0	6.0
12	16.0	82.0	1.0	2.0
13	5.0	6.0	51.0	38.0
14	13.0	54.0	12.0	21.0
15	37.0	29.0	24.0	10.0
16	36.0	32.0	10.0	23.0
XX
//
AC PB0131.1
XX
ID Gmeb1_2
XX
DE PB0131.1 Gmeb1_2 ; From JASPAR 2018
PO	A	C	G	T
01	17.0	14.0	27.0	42.0
02	15.0	12.0	58.0	16.0
03	25.0	19.0	43.0	13.0
04	12.0	23.0	39.0	25.0
05	23.0	66.0	2.0	9.0
06	27.0	15.0	52.0	6.0
07	69.0	12.0	7.0	12.0
08	4.0	90.0	4.0	2.0
09	2.0	4.0	90.0	4.0
10	12.0	7.0	12.0	69.0
11	6.0	52.0	15.0	27.0
12	9.0	2.0	66.0	23.0
13	12.0	19.0	8.0	61.0
14	10.0	27.0	11.0	51.0
15	38.0	29.0	13.0	21.0
16	43.0	19.0	11.0	27.0
XX
//
AC PB0132.1
XX
ID Hbp1_2
XX
DE PB0132.1 Hbp1_2 ; From JASPAR 2018
PO	A	C	G	T
01	31.0	15.0	20.0	34.0
02	26.0	15.0	33.0	25.0
03	18.0	14.0	29.0	39.0
04	5.0	36.0	18.0	41.0
05	9.0	72.0	9.0	9.0
06	10.0	72.0	4.0	13.0
07	6.0	79.0	3.0	13.0
08	90.0	2.0	2.0	6.0
09	4.0	4.0	2.0	89.0
10	4.0	1.0	1.0	93.0
11	10.0	3.0	71.0	16.0
12	6.0	5.0	14.0	76.0
13	30.0	28.0	32.0	10.0
14	26.0	26.0	20.0	28.0
15	56.0	12.0	19.0	12.0
16	10.0	36.0	31.0	23.0
17	27.0	23.0	20.0	30.0
XX
//
AC PB0133.1
XX
ID Hic1_2
XX
DE PB0133.1 Hic1_2 ; From JASPAR 2018
PO	A	C	G	T
01	20.0	15.0	36.0	28.0
02	11.0	24.0	44.0	21.0
03	21.0	18.0	38.0	23.0
04	24.0	15.0	30.0	31.0
05	31.0	3.0	59.0	7.0
06	1.0	1.0	1.0	98.0
07	13.0	1.0	86.0	1.0
08	1.0	97.0	1.0	1.0
09	1.0	97.0	1.0	1.0
10	2.0	97.0	1.0	1.0
11	56.0	17.0	11.0	16.0
12	59.0	4.0	7.0	30.0
13	30.0	19.0	22.0	28.0
14	30.0	25.0	21.0	24.0
15	28.0	16.0	31.0	25.0
16	27.0	27.0	30.0	17.0
XX
//
AC PB0134.1
XX
ID Hnf4a_2
XX
DE PB0134.1 Hnf4a_2 ; From JASPAR 2018
PO	A	C	G	T
01	13.0	17.0	35.0	35.0
02	11.0	14.0	37.0	37.0
03	20.0	41.0	16.0	23.0
04	31.0	31.0	12.0	26.0
05	90.0	1.0	4.0	5.0
06	78.0	2.0	17.0	3.0
07	95.0	0.0	4.0	0.0
08	0.0	0.0	99.0	1.0
09	0.0	0.0	1.0	98.0
10	2.0	97.0	0.0	1.0
11	0.0	98.0	0.0	1.0
12	89.0	0.0	10.0	1.0
13	51.0	31.0	7.0	11.0
14	18.0	12.0	13.0	57.0
15	29.0	28.0	17.0	27.0
16	32.0	23.0	13.0	32.0
XX
//
AC PB0135.1
XX
ID Hoxa3_2
XX
DE PB0135.1 Hoxa3_2 ; From JASPAR 2018
PO	A	C	G	T
01	57.0	14.0	16.0	13.0
02	51.0	21.0	7.0	20.0
03	55.0	5.0	27.0	13.0
04	59.0	15.0	6.0	20.0
05	32.0	18.0	19.0	31.0
06	15.0	75.0	10.0	1.0
07	2.0	34.0	32.0	33.0
08	86.0	7.0	4.0	3.0
09	5.0	2.0	2.0	92.0
10	9.0	8.0	1.0	82.0
11	86.0	2.0	2.0	9.0
12	48.0	5.0	32.0	14.0
13	15.0	28.0	42.0	15.0
14	26.0	14.0	48.0	11.0
XX
//
AC PB0136.1
XX
ID IRC900814_2
XX
DE PB0136.1 IRC900814_2 ; From JASPAR 2018
PO	A	C	G	T
01	50.0	10.0	24.0	16.0
02	8.0	30.0	17.0	45.0
03	15.0	18.0	43.0	24.0
04	23.0	13.0	43.0	21.0
05	75.0	2.0	17.0	6.0
06	91.0	2.0	7.0	0.0
07	91.0	6.0	1.0	3.0
08	4.0	4.0	55.0	38.0
09	2.0	7.0	1.0	90.0
10	1.0	97.0	1.0	2.0
11	1.0	0.0	98.0	1.0
12	2.0	3.0	3.0	92.0
13	51.0	7.0	35.0	7.0
14	62.0	9.0	14.0	15.0
15	51.0	19.0	20.0	11.0
16	50.0	14.0	13.0	23.0
XX
//
AC PB0137.1
XX
ID Irf3_2
XX
DE PB0137.1 Irf3_2 ; From JASPAR 2018
PO	A	C	G	T
01	24.0	15.0	41.0	20.0
02	20.0	14.0	44.0	23.0
03	60.0	9.0	12.0	19.0
04	21.0	6.0	65.0	8.0
05	75.0	3.0	5.0	18.0
06	77.0	5.0	4.0	14.0
07	48.0	9.0	18.0	26.0
08	6.0	11.0	75.0	7.0
09	6.0	7.0	82.0	5.0
10	27.0	9.0	22.0	42.0
11	6.0	38.0	42.0	13.0
12	5.0	60.0	17.0	19.0
13	27.0	15.0	38.0	20.0
14	38.0	20.0	22.0	20.0
XX
//
AC PB0138.1
XX
ID Irf4_2
XX
DE PB0138.1 Irf4_2 ; From JASPAR 2018
PO	A	C	G	T
01	29.0	25.0	29.0	18.0
02	19.0	28.0	35.0	18.0
03	18.0	30.0	20.0	32.0
04	56.0	11.0	10.0	23.0
05	15.0	31.0	5.0	48.0
06	3.0	2.0	3.0	91.0
07	4.0	89.0	3.0	4.0
08	5.0	17.0	7.0	72.0
09	3.0	91.0	2.0	3.0
10	19.0	3.0	75.0	2.0
11	21.0	10.0	62.0	7.0
12	31.0	4.0	17.0	48.0
13	21.0	32.0	8.0	40.0
14	24.0	20.0	29.0	27.0
15	17.0	40.0	26.0	17.0
XX
//
AC PB0139.1
XX
ID Irf5_2
XX
DE PB0139.1 Irf5_2 ; From JASPAR 2018
PO	A	C	G	T
01	16.0	24.0	23.0	38.0
02	23.0	19.0	12.0	46.0
03	28.0	20.0	29.0	23.0
04	75.0	6.0	8.0	11.0
05	17.0	34.0	15.0	34.0
06	9.0	83.0	3.0	5.0
07	2.0	1.0	96.0	1.0
08	93.0	1.0	5.0	1.0
09	0.0	4.0	95.0	1.0
10	96.0	1.0	2.0	2.0
11	50.0	3.0	41.0	7.0
12	15.0	19.0	3.0	64.0
13	20.0	21.0	15.0	44.0
14	17.0	39.0	22.0	22.0
15	21.0	32.0	29.0	18.0
XX
//
AC PB0140.1
XX
ID Irf6_2
XX
DE PB0140.1 Irf6_2 ; From JASPAR 2018
PO	A	C	G	T
01	33.0	26.0	23.0	19.0
02	15.0	32.0	27.0	27.0
03	14.0	40.0	21.0	26.0
04	53.0	12.0	8.0	26.0
05	20.0	59.0	9.0	12.0
06	3.0	2.0	7.0	88.0
07	2.0	89.0	5.0	4.0
08	4.0	30.0	9.0	58.0
09	2.0	92.0	2.0	4.0
10	12.0	6.0	72.0	11.0
11	21.0	11.0	61.0	7.0
12	11.0	8.0	27.0	53.0
13	23.0	39.0	15.0	23.0
14	33.0	14.0	31.0	22.0
15	22.0	31.0	28.0	19.0
XX
//
AC PB0141.1
XX
ID Isgf3g_2
XX
DE PB0141.1 Isgf3g_2 ; From JASPAR 2018
PO	A	C	G	T
01	11.0	18.0	48.0	23.0
02	22.0	35.0	32.0	11.0
03	53.0	14.0	16.0	17.0
04	60.0	6.0	15.0	20.0
05	79.0	5.0	7.0	9.0
06	78.0	3.0	11.0	8.0
07	12.0	59.0	23.0	7.0
08	64.0	7.0	11.0	19.0
09	11.0	26.0	31.0	33.0
10	21.0	7.0	30.0	42.0
11	64.0	9.0	9.0	18.0
12	19.0	54.0	13.0	15.0
13	19.0	24.0	18.0	39.0
14	39.0	11.0	28.0	22.0
XX
//
AC PB0142.1
XX
ID Jundm2_2
XX
DE PB0142.1 Jundm2_2 ; From JASPAR 2018
PO	A	C	G	T
01	33.0	28.0	22.0	17.0
02	25.0	13.0	27.0	34.0
03	10.0	14.0	27.0	49.0
04	21.0	12.0	49.0	18.0
05	63.0	3.0	33.0	1.0
06	0.0	1.0	0.0	98.0
07	0.0	1.0	90.0	9.0
08	91.0	7.0	0.0	1.0
09	1.0	44.0	53.0	1.0
10	1.0	1.0	0.0	98.0
11	4.0	95.0	1.0	0.0
12	99.0	0.0	1.0	0.0
13	2.0	52.0	3.0	43.0
14	33.0	41.0	10.0	16.0
15	32.0	22.0	24.0	23.0
16	31.0	29.0	19.0	21.0
XX
//
AC PB0143.1
XX
ID Klf7_2
XX
DE PB0143.1 Klf7_2 ; From JASPAR 2018
PO	A	C	G	T
01	39.0	26.0	25.0	10.0
02	42.0	21.0	23.0	14.0
03	26.0	19.0	31.0	23.0
04	6.0	37.0	21.0	35.0
05	61.0	1.0	11.0	28.0
06	18.0	1.0	7.0	74.0
07	76.0	22.0	1.0	1.0
08	0.0	98.0	0.0	1.0
09	4.0	0.0	95.0	1.0
10	1.0	98.0	1.0	0.0
11	1.0	98.0	1.0	0.0
12	1.0	93.0	0.0	6.0
13	39.0	30.0	5.0	26.0
14	51.0	12.0	16.0	21.0
15	30.0	31.0	20.0	20.0
16	30.0	23.0	15.0	32.0
17	19.0	18.0	29.0	35.0
XX
//
AC PB0144.1
XX
ID Lef1_2
XX
DE PB0144.1 Lef1_2 ; From JASPAR 2018
PO	A	C	G	T
01	23.0	27.0	39.0	11.0
02	44.0	8.0	23.0	25.0
03	42.0	14.0	32.0	12.0
04	17.0	34.0	39.0	10.0
05	81.0	2.0	1.0	16.0
06	4.0	1.0	1.0	94.0
07	2.0	90.0	4.0	4.0
08	94.0	1.0	1.0	4.0
09	93.0	1.0	4.0	2.0
10	3.0	2.0	5.0	91.0
11	11.0	71.0	1.0	17.0
12	68.0	2.0	28.0	3.0
13	24.0	35.0	19.0	23.0
14	9.0	24.0	20.0	46.0
15	33.0	18.0	11.0	38.0
16	34.0	16.0	19.0	32.0
XX
//
AC PB0145.1
XX
ID Mafb_2
XX
DE PB0145.1 Mafb_2 ; From JASPAR 2018
PO	A	C	G	T
01	25.0	33.0	19.0	23.0
02	41.0	18.0	24.0	17.0
03	37.0	19.0	21.0	22.0
04	8.0	11.0	14.0	67.0
05	5.0	10.0	12.0	73.0
06	5.0	6.0	83.0	6.0
07	7.0	76.0	4.0	13.0
08	86.0	3.0	8.0	3.0
09	58.0	6.0	17.0	19.0
10	76.0	7.0	4.0	13.0
11	88.0	3.0	4.0	5.0
12	59.0	4.0	4.0	33.0
13	39.0	12.0	8.0	41.0
14	33.0	16.0	28.0	23.0
15	22.0	19.0	15.0	44.0
XX
//
AC PB0146.1
XX
ID Mafk_2
XX
DE PB0146.1 Mafk_2 ; From JASPAR 2018
PO	A	C	G	T
01	29.0	24.0	34.0	12.0
02	32.0	25.0	21.0	23.0
03	59.0	15.0	18.0	9.0
04	81.0	3.0	12.0	5.0
05	86.0	1.0	7.0	6.0
06	88.0	2.0	1.0	9.0
07	82.0	5.0	3.0	10.0
08	18.0	8.0	26.0	49.0
09	3.0	13.0	3.0	81.0
10	5.0	4.0	85.0	6.0
11	4.0	87.0	4.0	5.0
12	76.0	11.0	9.0	4.0
13	45.0	28.0	3.0	23.0
14	6.0	29.0	41.0	24.0
15	39.0	13.0	41.0	7.0
XX
//
AC PB0147.1
XX
ID Max_2
XX
DE PB0147.1 Max_2 ; From JASPAR 2018
PO	A	C	G	T
01	13.0	20.0	40.0	27.0
02	16.0	24.0	18.0	42.0
03	5.0	5.0	74.0	16.0
04	20.0	37.0	18.0	26.0
05	2.0	95.0	2.0	2.0
06	92.0	2.0	3.0	3.0
07	1.0	67.0	3.0	29.0
08	5.0	3.0	91.0	2.0
09	12.0	61.0	3.0	25.0
10	4.0	5.0	72.0	18.0
11	54.0	15.0	19.0	12.0
12	24.0	72.0	2.0	1.0
13	27.0	11.0	27.0	35.0
14	23.0	14.0	33.0	30.0
XX
//
AC PB0148.1
XX
ID Mtf1_2
XX
DE PB0148.1 Mtf1_2 ; From JASPAR 2018
PO	A	C	G	T
01	49.0	18.0	15.0	18.0
02	37.0	20.0	21.0	22.0
03	51.0	16.0	11.0	22.0
04	12.0	11.0	15.0	61.0
05	59.0	13.0	7.0	22.0
06	40.0	15.0	14.0	31.0
07	19.0	15.0	47.0	20.0
08	68.0	14.0	8.0	10.0
09	72.0	8.0	5.0	15.0
10	65.0	10.0	8.0	16.0
11	42.0	19.0	14.0	25.0
12	58.0	18.0	12.0	11.0
13	35.0	18.0	22.0	25.0
14	31.0	34.0	28.0	6.0
XX
//
AC PB0149.1
XX
ID Myb_2
XX
DE PB0149.1 Myb_2 ; From JASPAR 2018
PO	A	C	G	T
01	21.0	28.0	26.0	26.0
02	20.0	19.0	39.0	22.0
03	51.0	19.0	12.0	17.0
04	6.0	63.0	9.0	22.0
05	13.0	62.0	1.0	24.0
06	99.0	0.0	1.0	1.0
07	99.0	1.0	0.0	0.0
08	0.0	99.0	0.0	0.0
09	2.0	14.0	2.0	82.0
10	2.0	1.0	97.0	0.0
11	15.0	64.0	2.0	19.0
12	3.0	91.0	1.0	5.0
13	50.0	6.0	33.0	12.0
14	20.0	28.0	22.0	30.0
15	19.0	25.0	34.0	22.0
16	22.0	31.0	22.0	25.0
XX
//
AC PB0150.1
XX
ID Mybl1_2
XX
DE PB0150.1 Mybl1_2 ; From JASPAR 2018
PO	A	C	G	T
01	21.0	27.0	26.0	26.0
02	15.0	33.0	34.0	18.0
03	44.0	21.0	18.0	17.0
04	6.0	77.0	5.0	13.0
05	6.0	77.0	1.0	16.0
06	98.0	1.0	0.0	1.0
07	98.0	2.0	0.0	0.0
08	1.0	98.0	1.0	1.0
09	3.0	14.0	5.0	79.0
10	1.0	1.0	98.0	1.0
11	19.0	57.0	4.0	21.0
12	11.0	81.0	2.0	7.0
13	24.0	10.0	56.0	10.0
14	28.0	21.0	10.0	40.0
15	15.0	19.0	41.0	25.0
XX
//
AC PB0151.1
XX
ID Myf6_2
XX
DE PB0151.1 Myf6_2 ; From JASPAR 2018
PO	A	C	G	T
01	35.0	26.0	27.0	12.0
02	22.0	27.0	33.0	17.0
03	27.0	28.0	25.0	21.0
04	49.0	14.0	29.0	8.0
05	58.0	27.0	8.0	7.0
06	7.0	75.0	6.0	12.0
07	69.0	11.0	14.0	7.0
08	16.0	7.0	64.0	13.0
09	34.0	39.0	21.0	6.0
10	8.0	79.0	11.0	2.0
11	17.0	20.0	46.0	17.0
12	11.0	66.0	17.0	6.0
13	39.0	11.0	34.0	15.0
14	21.0	58.0	14.0	7.0
15	17.0	56.0	7.0	20.0
XX
//
AC PB0152.1
XX
ID Nkx3-1_2
XX
DE PB0152.1 Nkx3-1_2 ; From JASPAR 2018
PO	A	C	G	T
01	36.0	25.0	30.0	9.0
02	33.0	37.0	11.0	19.0
03	26.0	13.0	25.0	36.0
04	14.0	37.0	25.0	24.0
05	27.0	36.0	28.0	8.0
06	47.0	2.0	40.0	11.0
07	65.0	3.0	26.0	6.0
08	4.0	1.0	90.0	5.0
09	1.0	5.0	4.0	90.0
10	90.0	4.0	5.0	1.0
11	5.0	90.0	1.0	4.0
12	6.0	26.0	3.0	65.0
13	11.0	40.0	2.0	47.0
14	15.0	19.0	34.0	33.0
15	23.0	21.0	41.0	15.0
16	46.0	26.0	15.0	12.0
17	43.0	21.0	17.0	19.0
XX
//
AC PB0153.1
XX
ID Nr2f2_2
XX
DE PB0153.1 Nr2f2_2 ; From JASPAR 2018
PO	A	C	G	T
01	20.0	44.0	20.0	17.0
02	13.0	13.0	42.0	32.0
03	24.0	44.0	17.0	14.0
04	19.0	19.0	41.0	22.0
05	1.0	54.0	18.0	27.0
06	1.0	59.0	34.0	6.0
07	9.0	0.0	90.0	0.0
08	0.0	0.0	98.0	1.0
09	0.0	0.0	99.0	1.0
10	0.0	0.0	1.0	98.0
11	0.0	97.0	1.0	2.0
12	94.0	0.0	5.0	0.0
13	22.0	39.0	25.0	14.0
14	15.0	26.0	33.0	26.0
15	18.0	29.0	23.0	30.0
16	36.0	20.0	14.0	31.0
XX
//
AC PB0154.1
XX
ID Osr1_2
XX
DE PB0154.1 Osr1_2 ; From JASPAR 2018
PO	A	C	G	T
01	45.0	9.0	31.0	15.0
02	18.0	35.0	15.0	32.0
03	40.0	22.0	15.0	23.0
04	21.0	25.0	16.0	38.0
05	14.0	8.0	74.0	4.0
06	3.0	91.0	2.0	4.0
07	3.0	8.0	3.0	86.0
08	79.0	5.0	5.0	11.0
09	7.0	88.0	2.0	2.0
10	3.0	55.0	1.0	42.0
11	32.0	10.0	3.0	55.0
12	46.0	11.0	43.0	1.0
13	43.0	31.0	9.0	16.0
14	26.0	18.0	20.0	36.0
15	28.0	26.0	21.0	25.0
16	27.0	29.0	23.0	20.0
XX
//
AC PB0155.1
XX
ID Osr2_2
XX
DE PB0155.1 Osr2_2 ; From JASPAR 2018
PO	A	C	G	T
01	50.0	6.0	25.0	19.0
02	25.0	30.0	17.0	28.0
03	23.0	25.0	16.0	37.0
04	20.0	21.0	12.0	46.0
05	9.0	9.0	75.0	6.0
06	3.0	90.0	4.0	4.0
07	4.0	9.0	3.0	85.0
08	82.0	4.0	3.0	10.0
09	15.0	81.0	2.0	2.0
10	3.0	49.0	2.0	47.0
11	26.0	10.0	4.0	60.0
12	47.0	8.0	44.0	1.0
13	34.0	41.0	6.0	18.0
14	42.0	11.0	11.0	36.0
15	22.0	28.0	22.0	28.0
16	28.0	35.0	21.0	16.0
XX
//
AC PB0156.1
XX
ID Plagl1_2
XX
DE PB0156.1 Plagl1_2 ; From JASPAR 2018
PO	A	C	G	T
01	29.0	17.0	33.0	21.0
02	21.0	35.0	22.0	22.0
03	20.0	16.0	15.0	50.0
04	19.0	5.0	60.0	16.0
05	9.0	1.0	81.0	9.0
06	1.0	1.0	98.0	1.0
07	3.0	0.0	96.0	0.0
08	0.0	1.0	98.0	1.0
09	1.0	1.0	97.0	1.0
10	1.0	1.0	1.0	96.0
11	88.0	1.0	8.0	3.0
12	5.0	89.0	1.0	5.0
13	22.0	63.0	6.0	9.0
14	23.0	34.0	21.0	22.0
15	24.0	33.0	15.0	29.0
16	20.0	24.0	19.0	37.0
17	27.0	13.0	25.0	36.0
XX
//
AC PB0157.1
XX
ID Rara_2
XX
DE PB0157.1 Rara_2 ; From JASPAR 2018
PO	A	C	G	T
01	45.0	24.0	15.0	16.0
02	13.0	9.0	49.0	29.0
03	43.0	24.0	16.0	17.0
04	16.0	15.0	52.0	18.0
05	2.0	47.0	6.0	45.0
06	2.0	36.0	45.0	17.0
07	5.0	10.0	82.0	3.0
08	1.0	1.0	91.0	8.0
09	1.0	0.0	90.0	8.0
10	4.0	3.0	3.0	90.0
11	2.0	85.0	4.0	9.0
12	80.0	0.0	16.0	3.0
13	39.0	24.0	18.0	19.0
14	9.0	16.0	45.0	30.0
15	12.0	22.0	28.0	37.0
16	31.0	30.0	20.0	20.0
XX
//
AC PB0158.1
XX
ID Rfx3_2
XX
DE PB0158.1 Rfx3_2 ; From JASPAR 2018
PO	A	C	G	T
01	31.0	28.0	26.0	15.0
02	13.0	60.0	13.0	14.0
03	10.0	16.0	18.0	56.0
04	13.0	28.0	33.0	26.0
05	32.0	23.0	18.0	28.0
06	11.0	38.0	28.0	23.0
07	23.0	29.0	29.0	19.0
08	4.0	84.0	7.0	5.0
09	22.0	19.0	9.0	50.0
10	4.0	3.0	3.0	90.0
11	30.0	3.0	65.0	1.0
12	1.0	2.0	94.0	2.0
13	49.0	0.0	1.0	50.0
14	4.0	2.0	24.0	70.0
15	95.0	1.0	2.0	2.0
16	2.0	94.0	1.0	2.0
17	29.0	39.0	23.0	9.0
18	34.0	20.0	31.0	15.0
19	20.0	47.0	18.0	15.0
20	32.0	27.0	31.0	10.0
21	41.0	20.0	23.0	16.0
22	30.0	18.0	25.0	27.0
23	15.0	31.0	36.0	18.0
XX
//
AC PB0159.1
XX
ID Rfx4_2
XX
DE PB0159.1 Rfx4_2 ; From JASPAR 2018
PO	A	C	G	T
01	24.0	18.0	15.0	43.0
02	33.0	28.0	18.0	20.0
03	15.0	37.0	27.0	21.0
04	2.0	92.0	3.0	2.0
05	27.0	39.0	13.0	21.0
06	6.0	3.0	6.0	85.0
07	50.0	1.0	48.0	0.0
08	0.0	0.0	98.0	1.0
09	36.0	0.0	0.0	63.0
10	1.0	1.0	4.0	94.0
11	95.0	1.0	2.0	2.0
12	1.0	98.0	1.0	1.0
13	22.0	35.0	33.0	10.0
14	23.0	27.0	29.0	21.0
15	30.0	27.0	22.0	22.0
XX
//
AC PB0160.1
XX
ID Rfxdc2_2
XX
DE PB0160.1 Rfxdc2_2 ; From JASPAR 2018
PO	A	C	G	T
01	12.0	37.0	28.0	23.0
02	15.0	18.0	32.0	35.0
03	43.0	21.0	27.0	9.0
04	7.0	67.0	17.0	10.0
05	21.0	15.0	23.0	40.0
06	4.0	19.0	3.0	73.0
07	36.0	4.0	59.0	1.0
08	2.0	2.0	95.0	2.0
09	70.0	1.0	1.0	28.0
10	2.0	2.0	37.0	59.0
11	95.0	1.0	2.0	2.0
12	2.0	95.0	1.0	3.0
13	11.0	33.0	51.0	4.0
14	22.0	25.0	40.0	14.0
15	31.0	18.0	25.0	27.0
16	48.0	13.0	13.0	26.0
17	32.0	23.0	11.0	34.0
XX
//
AC PB0161.1
XX
ID Rxra_2
XX
DE PB0161.1 Rxra_2 ; From JASPAR 2018
PO	A	C	G	T
01	13.0	10.0	36.0	40.0
02	22.0	52.0	19.0	8.0
03	31.0	16.0	38.0	14.0
04	20.0	51.0	14.0	16.0
05	40.0	6.0	49.0	5.0
06	47.0	6.0	1.0	46.0
07	77.0	6.0	1.0	16.0
08	15.0	4.0	76.0	6.0
09	5.0	6.0	53.0	36.0
10	7.0	10.0	19.0	64.0
11	10.0	32.0	14.0	44.0
12	40.0	7.0	47.0	5.0
13	21.0	24.0	21.0	34.0
14	35.0	16.0	21.0	29.0
15	28.0	36.0	16.0	20.0
16	22.0	18.0	29.0	31.0
XX
//
AC PB0162.1
XX
ID Sfpi1_2
XX
DE PB0162.1 Sfpi1_2 ; From JASPAR 2018
PO	A	C	G	T
01	26.0	40.0	12.0	22.0
02	41.0	21.0	18.0	21.0
03	66.0	5.0	15.0	14.0
04	48.0	6.0	3.0	43.0
05	22.0	9.0	2.0	67.0
06	21.0	11.0	12.0	56.0
07	31.0	36.0	16.0	17.0
08	31.0	32.0	29.0	7.0
09	22.0	6.0	66.0	5.0
10	12.0	8.0	73.0	7.0
11	73.0	4.0	10.0	14.0
12	73.0	11.0	4.0	13.0
13	22.0	54.0	12.0	12.0
14	22.0	48.0	12.0	19.0
XX
//
AC PB0163.1
XX
ID Six6_2
XX
DE PB0163.1 Six6_2 ; From JASPAR 2018
PO	A	C	G	T
01	33.0	27.0	21.0	18.0
02	27.0	17.0	20.0	35.0
03	14.0	28.0	31.0	26.0
04	11.0	31.0	47.0	10.0
05	3.0	7.0	49.0	42.0
06	80.0	6.0	13.0	1.0
07	5.0	6.0	1.0	88.0
08	90.0	3.0	4.0	3.0
09	1.0	2.0	4.0	93.0
10	92.0	5.0	1.0	1.0
11	2.0	15.0	4.0	80.0
12	44.0	49.0	3.0	4.0
13	9.0	63.0	12.0	16.0
14	33.0	18.0	35.0	14.0
15	19.0	33.0	16.0	32.0
16	24.0	36.0	13.0	27.0
17	15.0	13.0	23.0	48.0
XX
//
AC PB0164.1
XX
ID Smad3_2
XX
DE PB0164.1 Smad3_2 ; From JASPAR 2018
PO	A	C	G	T
01	15.0	13.0	25.0	47.0
02	32.0	29.0	15.0	25.0
03	26.0	41.0	11.0	22.0
04	21.0	22.0	35.0	22.0
05	17.0	51.0	8.0	24.0
06	5.0	76.0	9.0	10.0
07	5.0	79.0	12.0	4.0
08	0.0	94.0	3.0	2.0
09	4.0	5.0	89.0	2.0
10	0.0	91.0	2.0	6.0
11	3.0	94.0	1.0	2.0
12	64.0	14.0	11.0	11.0
13	24.0	39.0	18.0	19.0
14	21.0	27.0	9.0	43.0
15	9.0	45.0	21.0	25.0
16	18.0	27.0	15.0	40.0
17	10.0	25.0	37.0	28.0
XX
//
AC PB0165.1
XX
ID Sox11_2
XX
DE PB0165.1 Sox11_2 ; From JASPAR 2018
PO	A	C	G	T
01	45.0	14.0	20.0	21.0
02	38.0	12.0	26.0	24.0
03	82.0	0.0	14.0	3.0
04	94.0	1.0	4.0	1.0
05	1.0	2.0	2.0	95.0
06	2.0	2.0	1.0	95.0
07	17.0	2.0	79.0	1.0
08	8.0	1.0	1.0	89.0
09	11.0	27.0	10.0	52.0
10	38.0	19.0	14.0	29.0
11	23.0	18.0	27.0	33.0
12	25.0	15.0	46.0	14.0
13	35.0	11.0	30.0	24.0
14	35.0	17.0	20.0	28.0
XX
//
AC PB0166.1
XX
ID Sox12_2
XX
DE PB0166.1 Sox12_2 ; From JASPAR 2018
PO	A	C	G	T
01	38.0	32.0	21.0	10.0
02	35.0	32.0	22.0	10.0
03	32.0	18.0	21.0	28.0
04	14.0	33.0	21.0	33.0
05	66.0	6.0	15.0	13.0
06	5.0	29.0	54.0	12.0
07	89.0	4.0	4.0	4.0
08	4.0	69.0	9.0	17.0
09	88.0	4.0	2.0	6.0
10	86.0	4.0	7.0	3.0
11	79.0	5.0	4.0	12.0
12	9.0	14.0	71.0	6.0
13	30.0	13.0	49.0	9.0
14	65.0	13.0	11.0	10.0
15	35.0	13.0	22.0	30.0
16	20.0	20.0	10.0	50.0
XX
//
AC PB0167.1
XX
ID Sox13_2
XX
DE PB0167.1 Sox13_2 ; From JASPAR 2018
PO	A	C	G	T
01	26.0	12.0	41.0	22.0
02	25.0	14.0	15.0	47.0
03	34.0	15.0	31.0	20.0
04	24.0	26.0	11.0	38.0
05	12.0	24.0	12.0	52.0
06	5.0	4.0	78.0	13.0
07	8.0	5.0	79.0	9.0
08	22.0	4.0	66.0	8.0
09	25.0	16.0	2.0	58.0
10	5.0	8.0	79.0	8.0
11	7.0	4.0	77.0	12.0
12	12.0	3.0	71.0	13.0
13	29.0	18.0	18.0	34.0
14	52.0	13.0	12.0	24.0
15	35.0	19.0	11.0	35.0
16	31.0	20.0	15.0	34.0
17	19.0	13.0	24.0	44.0
XX
//
AC PB0168.1
XX
ID Sox14_2
XX
DE PB0168.1 Sox14_2 ; From JASPAR 2018
PO	A	C	G	T
01	19.0	35.0	21.0	25.0
02	11.0	13.0	34.0	43.0
03	13.0	33.0	23.0	31.0
04	64.0	11.0	20.0	5.0
05	15.0	53.0	27.0	4.0
06	93.0	1.0	2.0	4.0
07	1.0	93.0	4.0	2.0
08	96.0	2.0	1.0	1.0
09	96.0	2.0	1.0	1.0
10	23.0	2.0	1.0	75.0
11	27.0	3.0	52.0	18.0
12	20.0	11.0	59.0	10.0
13	25.0	26.0	24.0	24.0
14	17.0	20.0	35.0	28.0
15	18.0	34.0	30.0	18.0
XX
//
AC PB0169.1
XX
ID Sox15_2
XX
DE PB0169.1 Sox15_2 ; From JASPAR 2018
PO	A	C	G	T
01	11.0	25.0	29.0	35.0
02	16.0	18.0	19.0	46.0
03	29.0	20.0	33.0	18.0
04	62.0	9.0	17.0	13.0
05	53.0	26.0	6.0	16.0
06	8.0	10.0	8.0	74.0
07	5.0	10.0	69.0	16.0
08	41.0	12.0	16.0	31.0
09	52.0	31.0	7.0	10.0
10	71.0	5.0	14.0	10.0
11	10.0	6.0	16.0	69.0
12	13.0	15.0	8.0	65.0
13	17.0	42.0	15.0	25.0
14	22.0	32.0	38.0	8.0
15	53.0	17.0	26.0	4.0
XX
//
AC PB0170.1
XX
ID Sox17_2
XX
DE PB0170.1 Sox17_2 ; From JASPAR 2018
PO	A	C	G	T
01	22.0	23.0	40.0	15.0
02	32.0	23.0	14.0	31.0
03	17.0	32.0	21.0	30.0
04	19.0	50.0	15.0	16.0
05	42.0	22.0	17.0	19.0
06	7.0	58.0	13.0	22.0
07	76.0	9.0	3.0	12.0
08	4.0	11.0	4.0	81.0
09	15.0	5.0	6.0	74.0
10	8.0	83.0	6.0	4.0
11	76.0	6.0	12.0	6.0
12	13.0	18.0	15.0	54.0
13	40.0	15.0	36.0	9.0
14	19.0	35.0	18.0	28.0
15	48.0	15.0	26.0	12.0
16	47.0	15.0	17.0	20.0
17	22.0	19.0	21.0	38.0
XX
//
AC PB0171.1
XX
ID Sox18_2
XX
DE PB0171.1 Sox18_2 ; From JASPAR 2018
PO	A	C	G	T
01	23.0	14.0	45.0	18.0
02	16.0	20.0	36.0	28.0
03	37.0	17.0	29.0	17.0
04	11.0	39.0	31.0	19.0
05	4.0	26.0	15.0	55.0
06	36.0	4.0	45.0	15.0
07	64.0	18.0	7.0	10.0
08	85.0	2.0	7.0	6.0
09	6.0	7.0	2.0	85.0
10	10.0	7.0	18.0	64.0
11	15.0	45.0	4.0	36.0
12	55.0	15.0	26.0	4.0
13	26.0	17.0	20.0	38.0
14	29.0	12.0	34.0	26.0
15	28.0	34.0	13.0	25.0
16	29.0	31.0	22.0	18.0
XX
//
AC PB0172.1
XX
ID Sox1_2
XX
DE PB0172.1 Sox1_2 ; From JASPAR 2018
PO	A	C	G	T
01	31.0	32.0	17.0	20.0
02	17.0	25.0	17.0	41.0
03	46.0	14.0	24.0	16.0
04	7.0	14.0	5.0	73.0
05	57.0	15.0	10.0	19.0
06	71.0	4.0	15.0	9.0
07	5.0	6.0	3.0	86.0
08	5.0	6.0	5.0	84.0
09	6.0	9.0	83.0	2.0
10	2.0	3.0	4.0	91.0
11	3.0	12.0	16.0	69.0
12	59.0	20.0	16.0	5.0
13	14.0	14.0	36.0	36.0
14	10.0	39.0	20.0	31.0
15	22.0	26.0	36.0	15.0
XX
//
AC PB0173.1
XX
ID Sox21_2
XX
DE PB0173.1 Sox21_2 ; From JASPAR 2018
PO	A	C	G	T
01	29.0	29.0	26.0	16.0
02	31.0	26.0	31.0	12.0
03	9.0	33.0	16.0	43.0
04	16.0	42.0	24.0	18.0
05	46.0	15.0	3.0	36.0
06	88.0	2.0	4.0	7.0
07	1.0	5.0	2.0	92.0
08	3.0	2.0	2.0	93.0
09	2.0	10.0	85.0	2.0
10	8.0	2.0	2.0	88.0
11	4.0	19.0	14.0	64.0
12	3.0	62.0	20.0	16.0
13	24.0	35.0	23.0	18.0
14	22.0	22.0	29.0	27.0
15	26.0	31.0	16.0	27.0
16	23.0	20.0	25.0	31.0
17	35.0	20.0	28.0	17.0
XX
//
AC PB0174.1
XX
ID Sox30_2
XX
DE PB0174.1 Sox30_2 ; From JASPAR 2018
PO	A	C	G	T
01	17.0	21.0	10.0	52.0
02	46.0	27.0	12.0	16.0
03	35.0	19.0	20.0	26.0
04	15.0	22.0	40.0	23.0
05	77.0	11.0	3.0	9.0
06	8.0	4.0	4.0	84.0
07	3.0	6.0	4.0	88.0
08	84.0	6.0	5.0	5.0
09	5.0	5.0	6.0	84.0
10	88.0	4.0	6.0	3.0
11	84.0	4.0	4.0	8.0
12	9.0	3.0	11.0	77.0
13	47.0	29.0	13.0	11.0
14	20.0	41.0	20.0	19.0
15	23.0	23.0	46.0	8.0
16	21.0	25.0	38.0	15.0
XX
//
AC PB0175.1
XX
ID Sox4_2
XX
DE PB0175.1 Sox4_2 ; From JASPAR 2018
PO	A	C	G	T
01	22.0	25.0	41.0	13.0
02	27.0	24.0	30.0	20.0
03	47.0	16.0	12.0	25.0
04	41.0	11.0	24.0	24.0
05	43.0	10.0	29.0	18.0
06	79.0	1.0	17.0	4.0
07	93.0	1.0	4.0	2.0
08	1.0	2.0	1.0	95.0
09	2.0	1.0	1.0	96.0
10	12.0	3.0	84.0	1.0
11	10.0	1.0	1.0	88.0
12	13.0	24.0	9.0	54.0
13	34.0	20.0	24.0	21.0
14	23.0	27.0	29.0	21.0
15	29.0	10.0	42.0	19.0
16	31.0	18.0	28.0	23.0
17	45.0	16.0	21.0	19.0
XX
//
AC PB0176.1
XX
ID Sox5_2
XX
DE PB0176.1 Sox5_2 ; From JASPAR 2018
PO	A	C	G	T
01	25.0	23.0	24.0	28.0
02	35.0	22.0	16.0	27.0
03	25.0	13.0	22.0	41.0
04	1.0	74.0	9.0	17.0
05	57.0	6.0	19.0	18.0
06	15.0	2.0	16.0	66.0
07	54.0	28.0	13.0	5.0
08	76.0	10.0	4.0	11.0
09	17.0	10.0	9.0	64.0
10	10.0	23.0	7.0	61.0
11	35.0	17.0	18.0	30.0
12	60.0	20.0	11.0	8.0
13	14.0	30.0	45.0	10.0
14	25.0	24.0	26.0	25.0
15	29.0	21.0	25.0	25.0
XX
//
AC PB0177.1
XX
ID Sox7_2
XX
DE PB0177.1 Sox7_2 ; From JASPAR 2018
PO	A	C	G	T
01	7.0	13.0	65.0	15.0
02	16.0	11.0	15.0	58.0
03	21.0	27.0	36.0	17.0
04	9.0	46.0	27.0	17.0
05	29.0	10.0	15.0	46.0
06	64.0	18.0	7.0	11.0
07	75.0	4.0	9.0	12.0
08	8.0	6.0	4.0	81.0
09	14.0	4.0	2.0	79.0
10	25.0	9.0	62.0	4.0
11	30.0	4.0	3.0	64.0
12	19.0	31.0	34.0	16.0
13	18.0	19.0	10.0	53.0
14	15.0	17.0	56.0	13.0
15	27.0	24.0	21.0	28.0
16	22.0	11.0	57.0	10.0
17	18.0	18.0	30.0	34.0
18	33.0	20.0	27.0	20.0
19	23.0	36.0	18.0	23.0
20	6.0	7.0	46.0	41.0
21	20.0	32.0	30.0	17.0
22	18.0	29.0	20.0	33.0
XX
//
AC PB0178.1
XX
ID Sox8_2
XX
DE PB0178.1 Sox8_2 ; From JASPAR 2018
PO	A	C	G	T
01	41.0	17.0	21.0	21.0
02	17.0	50.0	13.0	20.0
03	85.0	4.0	2.0	9.0
04	2.0	3.0	3.0	92.0
05	3.0	2.0	2.0	93.0
06	6.0	81.0	3.0	10.0
07	91.0	2.0	6.0	1.0
08	5.0	12.0	16.0	67.0
09	23.0	9.0	57.0	11.0
10	42.0	19.0	16.0	23.0
11	26.0	34.0	20.0	20.0
12	52.0	20.0	11.0	16.0
13	20.0	29.0	28.0	24.0
14	23.0	28.0	37.0	13.0
XX
//
AC PB0179.1
XX
ID Sp100_2
XX
DE PB0179.1 Sp100_2 ; From JASPAR 2018
PO	A	C	G	T
01	12.0	30.0	18.0	40.0
02	14.0	36.0	31.0	19.0
03	12.0	68.0	7.0	13.0
04	5.0	3.0	90.0	2.0
05	17.0	10.0	7.0	65.0
06	3.0	94.0	2.0	1.0
07	3.0	3.0	91.0	3.0
08	22.0	36.0	20.0	22.0
09	12.0	22.0	27.0	39.0
10	16.0	12.0	19.0	53.0
11	66.0	6.0	4.0	24.0
12	61.0	11.0	11.0	18.0
13	42.0	14.0	9.0	35.0
14	33.0	21.0	22.0	24.0
15	16.0	26.0	32.0	26.0
XX
//
AC PB0180.1
XX
ID Sp4_2
XX
DE PB0180.1 Sp4_2 ; From JASPAR 2018
PO	A	C	G	T
01	15.0	31.0	24.0	30.0
02	49.0	9.0	16.0	25.0
03	50.0	6.0	8.0	36.0
04	76.0	2.0	21.0	1.0
05	1.0	3.0	95.0	2.0
06	1.0	2.0	95.0	3.0
07	6.0	83.0	5.0	5.0
08	1.0	2.0	93.0	4.0
09	1.0	2.0	15.0	82.0
10	13.0	3.0	79.0	4.0
11	14.0	18.0	43.0	25.0
12	4.0	81.0	3.0	12.0
13	16.0	41.0	12.0	31.0
14	29.0	26.0	20.0	25.0
15	25.0	12.0	36.0	26.0
XX
//
AC PB0181.1
XX
ID Spdef_2
XX
DE PB0181.1 Spdef_2 ; From JASPAR 2018
PO	A	C	G	T
01	25.0	17.0	35.0	23.0
02	42.0	13.0	16.0	29.0
03	24.0	25.0	25.0	26.0
04	35.0	21.0	18.0	26.0
05	69.0	5.0	17.0	9.0
06	11.0	55.0	11.0	23.0
07	77.0	1.0	11.0	11.0
08	4.0	2.0	2.0	92.0
09	3.0	93.0	2.0	3.0
10	2.0	92.0	3.0	3.0
11	3.0	9.0	4.0	85.0
12	77.0	4.0	1.0	18.0
13	3.0	19.0	51.0	27.0
14	29.0	15.0	6.0	51.0
15	45.0	16.0	18.0	22.0
16	30.0	16.0	40.0	14.0
XX
//
AC PB0182.1
XX
ID Srf_2
XX
DE PB0182.1 Srf_2 ; From JASPAR 2018
PO	A	C	G	T
01	16.0	28.0	44.0	11.0
02	15.0	20.0	21.0	44.0
03	27.0	8.0	19.0	46.0
04	33.0	18.0	20.0	29.0
05	51.0	10.0	24.0	15.0
06	67.0	8.0	15.0	10.0
07	74.0	11.0	10.0	5.0
08	66.0	14.0	13.0	7.0
09	77.0	9.0	7.0	7.0
10	76.0	9.0	4.0	11.0
11	75.0	14.0	5.0	7.0
12	66.0	18.0	3.0	13.0
13	55.0	28.0	4.0	13.0
14	39.0	31.0	21.0	8.0
15	20.0	24.0	24.0	32.0
16	28.0	21.0	19.0	32.0
17	29.0	28.0	14.0	29.0
XX
//
AC PB0183.1
XX
ID Sry_2
XX
DE PB0183.1 Sry_2 ; From JASPAR 2018
PO	A	C	G	T
01	22.0	29.0	12.0	37.0
02	24.0	28.0	21.0	27.0
03	33.0	13.0	26.0	28.0
04	26.0	30.0	21.0	22.0
05	26.0	18.0	29.0	27.0
06	32.0	18.0	44.0	6.0
07	57.0	20.0	18.0	5.0
08	88.0	2.0	3.0	6.0
09	3.0	86.0	5.0	6.0
10	92.0	2.0	4.0	2.0
11	91.0	3.0	3.0	3.0
12	13.0	4.0	3.0	80.0
13	41.0	7.0	28.0	24.0
14	25.0	18.0	39.0	18.0
15	28.0	23.0	32.0	16.0
16	18.0	33.0	16.0	34.0
17	17.0	21.0	45.0	16.0
XX
//
AC PB0184.1
XX
ID Tbp_2
XX
DE PB0184.1 Tbp_2 ; From JASPAR 2018
PO	A	C	G	T
01	23.0	53.0	19.0	5.0
02	4.0	60.0	23.0	13.0
03	9.0	37.0	44.0	9.0
04	45.0	7.0	14.0	35.0
05	12.0	18.0	11.0	59.0
06	37.0	3.0	3.0	57.0
07	37.0	4.0	4.0	55.0
08	61.0	17.0	9.0	12.0
09	53.0	17.0	7.0	23.0
10	4.0	25.0	63.0	7.0
11	17.0	43.0	28.0	12.0
12	13.0	13.0	48.0	26.0
13	30.0	24.0	23.0	24.0
14	19.0	27.0	27.0	27.0
15	21.0	53.0	6.0	20.0
XX
//
AC PB0185.1
XX
ID Tcf1_2
XX
DE PB0185.1 Tcf1_2 ; From JASPAR 2018
PO	A	C	G	T
01	24.0	20.0	20.0	36.0
02	15.0	22.0	28.0	36.0
03	40.0	12.0	42.0	6.0
04	18.0	37.0	17.0	28.0
05	19.0	51.0	21.0	9.0
06	9.0	36.0	25.0	31.0
07	18.0	18.0	62.0	2.0
08	2.0	2.0	93.0	3.0
09	87.0	1.0	8.0	4.0
10	3.0	2.0	4.0	90.0
11	1.0	3.0	5.0	91.0
12	90.0	2.0	4.0	5.0
13	25.0	10.0	37.0	28.0
14	28.0	17.0	34.0	21.0
XX
//
AC PB0186.1
XX
ID Tcf3_2
XX
DE PB0186.1 Tcf3_2 ; From JASPAR 2018
PO	A	C	G	T
01	34.0	18.0	28.0	20.0
02	19.0	24.0	39.0	18.0
03	13.0	37.0	36.0	14.0
04	11.0	48.0	35.0	6.0
05	19.0	21.0	39.0	21.0
06	50.0	11.0	19.0	20.0
07	53.0	13.0	21.0	13.0
08	43.0	18.0	10.0	28.0
09	54.0	14.0	11.0	21.0
10	40.0	18.0	12.0	31.0
11	53.0	20.0	15.0	12.0
12	49.0	17.0	15.0	20.0
13	53.0	17.0	18.0	12.0
14	35.0	17.0	14.0	34.0
15	26.0	22.0	19.0	33.0
XX
//
AC PB0187.1
XX
ID Tcf7_2
XX
DE PB0187.1 Tcf7_2 ; From JASPAR 2018
PO	A	C	G	T
01	25.0	43.0	15.0	18.0
02	8.0	38.0	24.0	30.0
03	13.0	10.0	44.0	33.0
04	13.0	11.0	11.0	65.0
05	64.0	11.0	8.0	17.0
06	15.0	8.0	7.0	70.0
07	10.0	5.0	15.0	69.0
08	69.0	8.0	15.0	8.0
09	18.0	25.0	27.0	29.0
10	63.0	11.0	8.0	18.0
11	60.0	16.0	11.0	14.0
12	56.0	22.0	6.0	17.0
13	24.0	37.0	11.0	28.0
14	35.0	25.0	16.0	24.0
15	32.0	22.0	21.0	24.0
XX
//
AC PB0188.1
XX
ID Tcf7l2_2
XX
DE PB0188.1 Tcf7l2_2 ; From JASPAR 2018
PO	A	C	G	T
01	22.0	30.0	37.0	12.0
02	34.0	5.0	34.0	27.0
03	40.0	16.0	35.0	10.0
04	24.0	26.0	39.0	10.0
05	70.0	3.0	1.0	26.0
06	5.0	2.0	1.0	92.0
07	2.0	85.0	6.0	7.0
08	93.0	1.0	1.0	5.0
09	93.0	1.0	3.0	2.0
10	3.0	2.0	5.0	90.0
11	12.0	69.0	1.0	18.0
12	59.0	2.0	36.0	4.0
13	14.0	38.0	27.0	21.0
14	12.0	18.0	24.0	46.0
15	36.0	20.0	11.0	33.0
16	33.0	17.0	20.0	30.0
XX
//
AC PB0189.1
XX
ID Tcfap2a_2
XX
DE PB0189.1 Tcfap2a_2 ; From JASPAR 2018
PO	A	C	G	T
01	20.0	24.0	16.0	40.0
02	27.0	39.0	12.0	23.0
03	45.0	6.0	41.0	8.0
04	3.0	83.0	6.0	9.0
05	4.0	76.0	2.0	18.0
06	13.0	32.0	16.0	40.0
07	14.0	31.0	29.0	26.0
08	42.0	8.0	7.0	43.0
09	20.0	4.0	71.0	4.0
10	4.0	2.0	90.0	3.0
11	20.0	7.0	46.0	27.0
12	1.0	79.0	6.0	14.0
13	46.0	10.0	20.0	24.0
14	9.0	20.0	39.0	31.0
XX
//
AC PB0190.1
XX
ID Tcfap2b_2
XX
DE PB0190.1 Tcfap2b_2 ; From JASPAR 2018
PO	A	C	G	T
01	33.0	10.0	29.0	29.0
02	18.0	4.0	26.0	53.0
03	34.0	21.0	2.0	43.0
04	13.0	6.0	78.0	3.0
05	5.0	88.0	2.0	5.0
06	7.0	87.0	1.0	4.0
07	6.0	16.0	35.0	43.0
08	2.0	45.0	43.0	11.0
09	45.0	34.0	10.0	12.0
10	9.0	2.0	85.0	4.0
11	4.0	2.0	90.0	4.0
12	9.0	82.0	3.0	7.0
13	53.0	2.0	27.0	18.0
14	33.0	27.0	14.0	26.0
15	20.0	18.0	14.0	47.0
XX
//
AC PB0191.1
XX
ID Tcfap2c_2
XX
DE PB0191.1 Tcfap2c_2 ; From JASPAR 2018
PO	A	C	G	T
01	20.0	35.0	23.0	22.0
02	18.0	40.0	14.0	28.0
03	9.0	3.0	86.0	1.0
04	18.0	69.0	3.0	9.0
05	2.0	84.0	1.0	13.0
06	20.0	50.0	9.0	21.0
07	46.0	6.0	24.0	24.0
08	51.0	14.0	12.0	23.0
09	21.0	9.0	50.0	20.0
10	13.0	1.0	84.0	2.0
11	9.0	3.0	69.0	18.0
12	1.0	86.0	3.0	9.0
13	48.0	6.0	17.0	30.0
14	28.0	14.0	31.0	27.0
XX
//
AC PB0192.1
XX
ID Tcfap2e_2
XX
DE PB0192.1 Tcfap2e_2 ; From JASPAR 2018
PO	A	C	G	T
01	25.0	21.0	17.0	37.0
02	42.0	17.0	22.0	20.0
03	20.0	54.0	15.0	11.0
04	24.0	19.0	26.0	32.0
05	20.0	25.0	28.0	28.0
06	27.0	13.0	50.0	10.0
07	74.0	6.0	8.0	13.0
08	73.0	7.0	9.0	10.0
09	69.0	8.0	16.0	6.0
10	67.0	11.0	13.0	9.0
11	78.0	6.0	5.0	11.0
12	77.0	11.0	6.0	7.0
13	40.0	9.0	17.0	34.0
14	41.0	16.0	23.0	20.0
XX
//
AC PB0193.1
XX
ID Tcfe2a_2
XX
DE PB0193.1 Tcfe2a_2 ; From JASPAR 2018
PO	A	C	G	T
01	30.0	25.0	21.0	25.0
02	41.0	20.0	30.0	8.0
03	27.0	13.0	45.0	15.0
04	19.0	14.0	43.0	25.0
05	20.0	43.0	23.0	14.0
06	3.0	95.0	0.0	1.0
07	95.0	1.0	2.0	1.0
08	1.0	6.0	85.0	9.0
09	87.0	4.0	7.0	2.0
10	2.0	1.0	1.0	97.0
11	1.0	1.0	97.0	1.0
12	4.0	2.0	50.0	45.0
13	2.0	44.0	6.0	48.0
14	21.0	37.0	14.0	28.0
15	15.0	34.0	29.0	22.0
16	15.0	26.0	42.0	17.0
17	23.0	19.0	45.0	14.0
XX
//
AC PB0194.1
XX
ID Zbtb12_2
XX
DE PB0194.1 Zbtb12_2 ; From JASPAR 2018
PO	A	C	G	T
01	30.0	22.0	15.0	33.0
02	30.0	27.0	22.0	21.0
03	17.0	22.0	14.0	47.0
04	4.0	66.0	16.0	13.0
05	44.0	19.0	35.0	2.0
06	12.0	3.0	8.0	77.0
07	4.0	3.0	4.0	89.0
08	92.0	2.0	4.0	2.0
09	2.0	1.0	94.0	3.0
10	95.0	2.0	1.0	2.0
11	94.0	3.0	1.0	2.0
12	3.0	93.0	1.0	2.0
13	17.0	25.0	33.0	25.0
14	10.0	47.0	11.0	32.0
15	21.0	15.0	17.0	46.0
XX
//
AC PB0195.1
XX
ID Zbtb3_2
XX
DE PB0195.1 Zbtb3_2 ; From JASPAR 2018
PO	A	C	G	T
01	11.0	52.0	16.0	21.0
02	47.0	17.0	12.0	24.0
03	47.0	16.0	23.0	15.0
04	20.0	17.0	8.0	55.0
05	20.0	67.0	3.0	10.0
06	79.0	5.0	11.0	5.0
07	6.0	87.0	5.0	3.0
08	8.0	3.0	3.0	87.0
09	3.0	7.0	83.0	7.0
10	8.0	12.0	59.0	22.0
11	11.0	47.0	17.0	25.0
12	69.0	3.0	17.0	10.0
13	30.0	16.0	36.0	18.0
14	34.0	21.0	18.0	26.0
15	36.0	15.0	18.0	30.0
16	25.0	14.0	22.0	39.0
XX
//
AC PB0196.1
XX
ID Zbtb7b_2
XX
DE PB0196.1 Zbtb7b_2 ; From JASPAR 2018
PO	A	C	G	T
01	20.0	31.0	20.0	29.0
02	31.0	18.0	20.0	31.0
03	22.0	17.0	27.0	34.0
04	48.0	9.0	28.0	16.0
05	40.0	33.0	26.0	1.0
06	0.0	1.0	96.0	3.0
07	91.0	8.0	0.0	1.0
08	1.0	98.0	0.0	1.0
09	1.0	97.0	2.0	1.0
10	89.0	8.0	0.0	2.0
11	1.0	97.0	0.0	2.0
12	2.0	80.0	1.0	17.0
13	42.0	19.0	17.0	23.0
14	9.0	18.0	35.0	38.0
15	18.0	13.0	22.0	48.0
16	37.0	16.0	32.0	16.0
17	21.0	27.0	24.0	27.0
XX
//
AC PB0197.1
XX
ID Zfp105_2
XX
DE PB0197.1 Zfp105_2 ; From JASPAR 2018
PO	A	C	G	T
01	27.0	21.0	27.0	25.0
02	6.0	39.0	14.0	41.0
03	13.0	9.0	58.0	19.0
04	22.0	22.0	37.0	19.0
05	5.0	18.0	26.0	50.0
06	3.0	10.0	8.0	79.0
07	16.0	76.0	7.0	2.0
08	91.0	4.0	3.0	2.0
09	79.0	14.0	4.0	3.0
10	2.0	12.0	11.0	75.0
11	75.0	4.0	18.0	3.0
12	70.0	10.0	10.0	11.0
13	13.0	27.0	23.0	36.0
14	14.0	13.0	16.0	56.0
15	5.0	31.0	18.0	45.0
16	14.0	14.0	26.0	46.0
17	26.0	16.0	38.0	19.0
XX
//
AC PB0198.1
XX
ID Zfp128_2
XX
DE PB0198.1 Zfp128_2 ; From JASPAR 2018
PO	A	C	G	T
01	20.0	18.0	26.0	35.0
02	13.0	8.0	53.0	26.0
03	12.0	9.0	8.0	71.0
04	68.0	4.0	18.0	9.0
05	14.0	7.0	6.0	73.0
06	68.0	7.0	13.0	11.0
07	20.0	30.0	8.0	42.0
08	36.0	14.0	19.0	31.0
09	11.0	13.0	7.0	68.0
10	73.0	6.0	7.0	14.0
11	9.0	18.0	4.0	68.0
12	71.0	8.0	9.0	12.0
13	36.0	37.0	16.0	12.0
14	20.0	36.0	25.0	20.0
XX
//
AC PB0199.1
XX
ID Zfp161_2
XX
DE PB0199.1 Zfp161_2 ; From JASPAR 2018
PO	A	C	G	T
01	14.0	7.0	57.0	21.0
02	14.0	49.0	7.0	30.0
03	2.0	92.0	2.0	3.0
04	2.0	3.0	94.0	1.0
05	4.0	89.0	2.0	5.0
06	2.0	1.0	96.0	1.0
07	6.0	86.0	4.0	3.0
08	79.0	12.0	2.0	6.0
09	26.0	10.0	51.0	13.0
10	20.0	22.0	25.0	33.0
11	8.0	4.0	82.0	6.0
12	10.0	76.0	5.0	9.0
13	27.0	19.0	38.0	16.0
14	22.0	24.0	23.0	30.0
XX
//
AC PB0200.1
XX
ID Zfp187_2
XX
DE PB0200.1 Zfp187_2 ; From JASPAR 2018
PO	A	C	G	T
01	17.0	17.0	44.0	22.0
02	35.0	18.0	25.0	22.0
03	31.0	4.0	62.0	4.0
04	32.0	56.0	2.0	9.0
05	2.0	92.0	2.0	4.0
06	1.0	96.0	1.0	2.0
07	6.0	11.0	1.0	82.0
08	13.0	20.0	19.0	48.0
09	9.0	5.0	84.0	3.0
10	2.0	2.0	1.0	95.0
11	1.0	67.0	0.0	31.0
12	2.0	85.0	2.0	12.0
13	34.0	41.0	10.0	15.0
14	15.0	36.0	7.0	42.0
15	29.0	24.0	18.0	29.0
16	27.0	25.0	27.0	21.0
XX
//
AC PB0201.1
XX
ID Zfp281_2
XX
DE PB0201.1 Zfp281_2 ; From JASPAR 2018
PO	A	C	G	T
01	46.0	6.0	23.0	24.0
02	13.0	6.0	48.0	33.0
03	22.0	2.0	45.0	31.0
04	54.0	4.0	15.0	27.0
05	22.0	13.0	38.0	28.0
06	64.0	7.0	22.0	7.0
07	2.0	96.0	1.0	0.0
08	3.0	95.0	0.0	1.0
09	1.0	98.0	1.0	0.0
10	1.0	97.0	1.0	1.0
11	2.0	96.0	1.0	1.0
12	75.0	8.0	5.0	12.0
13	47.0	15.0	11.0	28.0
14	18.0	6.0	16.0	61.0
15	31.0	17.0	19.0	33.0
16	32.0	11.0	23.0	34.0
17	28.0	23.0	32.0	17.0
XX
//
AC PB0202.1
XX
ID Zfp410_2
XX
DE PB0202.1 Zfp410_2 ; From JASPAR 2018
PO	A	C	G	T
01	16.0	28.0	24.0	31.0
02	18.0	45.0	7.0	30.0
03	30.0	26.0	21.0	23.0
04	14.0	43.0	14.0	29.0
05	18.0	40.0	16.0	27.0
06	7.0	75.0	7.0	11.0
07	6.0	72.0	8.0	15.0
08	2.0	7.0	65.0	26.0
09	17.0	75.0	6.0	2.0
10	5.0	78.0	9.0	9.0
11	10.0	77.0	7.0	6.0
12	6.0	75.0	11.0	7.0
13	34.0	7.0	24.0	34.0
14	30.0	26.0	17.0	27.0
15	48.0	22.0	12.0	18.0
16	23.0	28.0	14.0	34.0
17	26.0	18.0	17.0	39.0
XX
//
AC PB0203.1
XX
ID Zfp691_2
XX
DE PB0203.1 Zfp691_2 ; From JASPAR 2018
PO	A	C	G	T
01	24.0	16.0	30.0	31.0
02	52.0	13.0	18.0	17.0
03	19.0	37.0	22.0	21.0
04	15.0	20.0	42.0	24.0
05	45.0	10.0	15.0	30.0
06	3.0	2.0	88.0	7.0
07	92.0	2.0	4.0	2.0
08	1.0	94.0	4.0	1.0
09	1.0	1.0	1.0	97.0
10	1.0	96.0	1.0	1.0
11	15.0	76.0	5.0	4.0
12	5.0	27.0	5.0	63.0
13	16.0	39.0	11.0	34.0
14	28.0	18.0	19.0	35.0
15	29.0	27.0	24.0	20.0
16	43.0	26.0	15.0	16.0
17	21.0	38.0	27.0	14.0
XX
//
AC PB0204.1
XX
ID Zfp740_2
XX
DE PB0204.1 Zfp740_2 ; From JASPAR 2018
PO	A	C	G	T
01	40.0	7.0	32.0	21.0
02	46.0	6.0	27.0	22.0
03	39.0	3.0	33.0	24.0
04	12.0	9.0	19.0	60.0
05	27.0	12.0	7.0	53.0
06	7.0	81.0	2.0	10.0
07	3.0	91.0	2.0	4.0
08	2.0	93.0	2.0	3.0
09	2.0	95.0	2.0	2.0
10	2.0	88.0	6.0	4.0
11	7.0	74.0	11.0	8.0
12	11.0	14.0	65.0	10.0
13	7.0	25.0	51.0	18.0
14	40.0	8.0	35.0	18.0
15	53.0	9.0	28.0	10.0
16	29.0	25.0	35.0	12.0
17	15.0	26.0	15.0	45.0
XX
//
AC PB0205.1
XX
ID Zic1_2
XX
DE PB0205.1 Zic1_2 ; From JASPAR 2018
PO	A	C	G	T
01	16.0	41.0	17.0	26.0
02	26.0	36.0	15.0	24.0
03	37.0	3.0	28.0	32.0
04	9.0	88.0	2.0	1.0
05	42.0	17.0	25.0	16.0
06	0.0	98.0	0.0	2.0
07	91.0	2.0	1.0	6.0
08	4.0	1.0	95.0	1.0
09	0.0	85.0	1.0	15.0
10	80.0	0.0	15.0	4.0
11	2.0	2.0	68.0	29.0
12	0.0	1.0	94.0	5.0
13	43.0	27.0	14.0	16.0
14	27.0	24.0	37.0	12.0
15	40.0	10.0	21.0	29.0
XX
//
AC PB0206.1
XX
ID Zic2_2
XX
DE PB0206.1 Zic2_2 ; From JASPAR 2018
PO	A	C	G	T
01	20.0	34.0	18.0	28.0
02	24.0	35.0	17.0	24.0
03	35.0	3.0	31.0	31.0
04	10.0	87.0	2.0	1.0
05	31.0	26.0	28.0	15.0
06	0.0	97.0	0.0	2.0
07	90.0	3.0	2.0	6.0
08	5.0	1.0	94.0	1.0
09	0.0	86.0	1.0	13.0
10	77.0	0.0	19.0	4.0
11	1.0	2.0	59.0	38.0
12	0.0	1.0	96.0	3.0
13	37.0	23.0	20.0	20.0
14	27.0	19.0	43.0	11.0
15	44.0	10.0	21.0	24.0
XX
//
AC PB0207.1
XX
ID Zic3_2
XX
DE PB0207.1 Zic3_2 ; From JASPAR 2018
PO	A	C	G	T
01	23.0	22.0	28.0	27.0
02	33.0	18.0	21.0	28.0
03	31.0	2.0	39.0	29.0
04	10.0	87.0	2.0	1.0
05	54.0	9.0	24.0	13.0
06	0.0	97.0	0.0	2.0
07	90.0	2.0	2.0	6.0
08	4.0	1.0	95.0	1.0
09	0.0	83.0	1.0	16.0
10	72.0	0.0	22.0	5.0
11	1.0	2.0	56.0	40.0
12	0.0	1.0	94.0	4.0
13	48.0	27.0	11.0	14.0
14	23.0	30.0	26.0	22.0
15	37.0	19.0	20.0	25.0
XX
//
AC PB0208.1
XX
ID Zscan4_2
XX
DE PB0208.1 Zscan4_2 ; From JASPAR 2018
PO	A	C	G	T
01	28.0	39.0	11.0	22.0
02	27.0	33.0	36.0	4.0
03	44.0	23.0	2.0	30.0
04	41.0	14.0	39.0	6.0
05	4.0	1.0	94.0	1.0
06	7.0	91.0	2.0	0.0
07	96.0	1.0	1.0	2.0
08	4.0	94.0	1.0	1.0
09	97.0	1.0	2.0	1.0
10	7.0	64.0	4.0	25.0
11	80.0	7.0	1.0	12.0
12	77.0	12.0	2.0	9.0
13	32.0	24.0	21.0	23.0
14	37.0	19.0	13.0	31.0
15	30.0	25.0	10.0	36.0
16	33.0	24.0	25.0	18.0
XX
//
